(kicad_pcb (version 20171130) (host pcbnew "(5.1.10)-1")

  (general
    (thickness 1.6)
    (drawings 0)
    (tracks 0)
    (zones 0)
    (modules 68)
    (nets 103)
  )

  (page A4)
  (layers
    (0 F.Cu signal)
    (31 B.Cu signal)
    (32 B.Adhes user)
    (33 F.Adhes user)
    (34 B.Paste user)
    (35 F.Paste user)
    (36 B.SilkS user)
    (37 F.SilkS user)
    (38 B.Mask user)
    (39 F.Mask user)
    (40 Dwgs.User user)
    (41 Cmts.User user)
    (42 Eco1.User user)
    (43 Eco2.User user)
    (44 Edge.Cuts user)
    (45 Margin user)
    (46 B.CrtYd user)
    (47 F.CrtYd user)
    (48 B.Fab user)
    (49 F.Fab user)
  )

  (setup
    (last_trace_width 0.25)
    (trace_clearance 0.2)
    (zone_clearance 0.508)
    (zone_45_only no)
    (trace_min 0.2)
    (via_size 0.8)
    (via_drill 0.4)
    (via_min_size 0.4)
    (via_min_drill 0.3)
    (uvia_size 0.3)
    (uvia_drill 0.1)
    (uvias_allowed no)
    (uvia_min_size 0.2)
    (uvia_min_drill 0.1)
    (edge_width 0.05)
    (segment_width 0.2)
    (pcb_text_width 0.3)
    (pcb_text_size 1.5 1.5)
    (mod_edge_width 0.12)
    (mod_text_size 1 1)
    (mod_text_width 0.15)
    (pad_size 1.524 1.524)
    (pad_drill 0.762)
    (pad_to_mask_clearance 0)
    (aux_axis_origin 0 0)
    (visible_elements FFFFFF7F)
    (pcbplotparams
      (layerselection 0x010fc_ffffffff)
      (usegerberextensions false)
      (usegerberattributes true)
      (usegerberadvancedattributes true)
      (creategerberjobfile true)
      (excludeedgelayer true)
      (linewidth 0.100000)
      (plotframeref false)
      (viasonmask false)
      (mode 1)
      (useauxorigin false)
      (hpglpennumber 1)
      (hpglpenspeed 20)
      (hpglpendiameter 15.000000)
      (psnegative false)
      (psa4output false)
      (plotreference true)
      (plotvalue true)
      (plotinvisibletext false)
      (padsonsilk false)
      (subtractmaskfromsilk false)
      (outputformat 1)
      (mirror false)
      (drillshape 1)
      (scaleselection 1)
      (outputdirectory ""))
  )

  (net 0 "")
  (net 1 +5V)
  (net 2 GND)
  (net 3 +3V3)
  (net 4 /MAX-8Q/GPS_VCC_RF)
  (net 5 "Net-(C15-Pad1)")
  (net 6 "Net-(C16-Pad1)")
  (net 7 "Net-(C20-Pad2)")
  (net 8 "Net-(C21-Pad2)")
  (net 9 "Net-(C22-Pad2)")
  (net 10 /NRST)
  (net 11 "Net-(D1-Pad2)")
  (net 12 "Net-(D2-Pad2)")
  (net 13 "Net-(D3-Pad2)")
  (net 14 "Net-(FB1-Pad2)")
  (net 15 "Net-(J1-Pad6)")
  (net 16 "/USB Connector and ESD/USB_CONN_D-")
  (net 17 "/USB Connector and ESD/USB_CONN_D+")
  (net 18 "Net-(J1-Pad4)")
  (net 19 /MAX-8Q/GPS_ANT_NET)
  (net 20 /SPI2_MISO)
  (net 21 /SWDIO)
  (net 22 /EXT_SCL)
  (net 23 /I2C_ALERT)
  (net 24 "/Main Bus/Fire")
  (net 25 "Net-(J3-Pad8)")
  (net 26 "Net-(J3-Pad9)")
  (net 27 "Net-(J3-Pad10)")
  (net 28 "Net-(J3-Pad11)")
  (net 29 "Net-(J3-Pad12)")
  (net 30 "Net-(J3-Pad13)")
  (net 31 "Net-(J3-Pad14)")
  (net 32 "Net-(J3-Pad15)")
  (net 33 "Net-(J3-Pad16)")
  (net 34 "Net-(J3-Pad17)")
  (net 35 /SPI2_MOSI)
  (net 36 "/Main Bus/t_clk")
  (net 37 /SWCLK)
  (net 38 /EXT_SDA)
  (net 39 "/Main Bus/Fire_redundant")
  (net 40 "Net-(J3-Pad27)")
  (net 41 "Net-(J3-Pad28)")
  (net 42 "Net-(J3-Pad29)")
  (net 43 "Net-(J3-Pad30)")
  (net 44 "Net-(J3-Pad31)")
  (net 45 "Net-(J3-Pad32)")
  (net 46 "Net-(J3-Pad33)")
  (net 47 "Net-(J3-Pad34)")
  (net 48 "Net-(J3-Pad35)")
  (net 49 "Net-(J3-Pad36)")
  (net 50 "Net-(L1-Pad1)")
  (net 51 "Net-(Q1-Pad2)")
  (net 52 /MAX-8Q/GPS_LNA_EN)
  (net 53 "Net-(Q1-Pad6)")
  (net 54 "Net-(R1-Pad1)")
  (net 55 /I2C1_SCL)
  (net 56 /I2C1_SDA)
  (net 57 "Net-(R10-Pad1)")
  (net 58 "Net-(R11-Pad1)")
  (net 59 /BNO055/~BNO055_RESET)
  (net 60 /BNO055/~BNO055_BTL)
  (net 61 /KX134-1211/KX134_INT1)
  (net 62 /KX134-1211/KX134_INT2)
  (net 63 /USART1_TX)
  (net 64 /USART1_RX)
  (net 65 /SPI1_SCK)
  (net 66 /SPI1_MISO)
  (net 67 /SPI1_MOSI)
  (net 68 /USB_DP)
  (net 69 /USB_DM)
  (net 70 /MCP9808/ALERT)
  (net 71 "Net-(U4-Pad4)")
  (net 72 /MAX-8Q/~RESET)
  (net 73 "Net-(U4-Pad15)")
  (net 74 "Net-(U4-Pad18)")
  (net 75 "Net-(U5-Pad1)")
  (net 76 "Net-(U5-Pad2)")
  (net 77 "Net-(U5-Pad3)")
  (net 78 "Net-(U5-Pad4)")
  (net 79 "Net-(U5-Pad10)")
  (net 80 "Net-(U5-Pad14)")
  (net 81 "Net-(U5-Pad18)")
  (net 82 "Net-(U5-Pad19)")
  (net 83 "Net-(U5-Pad20)")
  (net 84 /SPI2_SCK)
  (net 85 "Net-(U5-Pad30)")
  (net 86 "Net-(U5-Pad31)")
  (net 87 "Net-(U5-Pad38)")
  (net 88 "Net-(U5-Pad39)")
  (net 89 "Net-(U5-Pad40)")
  (net 90 "Net-(U5-Pad41)")
  (net 91 "Net-(U5-Pad45)")
  (net 92 "Net-(U8-Pad1)")
  (net 93 "Net-(U8-Pad24)")
  (net 94 "Net-(U8-Pad23)")
  (net 95 "Net-(U8-Pad22)")
  (net 96 "Net-(U8-Pad21)")
  (net 97 "Net-(U8-Pad7)")
  (net 98 "Net-(U8-Pad8)")
  (net 99 /BNO055/BNO055_BTL_IND)
  (net 100 "Net-(U8-Pad12)")
  (net 101 "Net-(U8-Pad13)")
  (net 102 /BNO055/BNO055_INT)

  (net_class Default "This is the default net class."
    (clearance 0.2)
    (trace_width 0.25)
    (via_dia 0.8)
    (via_drill 0.4)
    (uvia_dia 0.3)
    (uvia_drill 0.1)
    (add_net +3V3)
    (add_net +5V)
    (add_net /BNO055/BNO055_BTL_IND)
    (add_net /BNO055/BNO055_INT)
    (add_net /BNO055/~BNO055_BTL)
    (add_net /BNO055/~BNO055_RESET)
    (add_net /EXT_SCL)
    (add_net /EXT_SDA)
    (add_net /I2C1_SCL)
    (add_net /I2C1_SDA)
    (add_net /I2C_ALERT)
    (add_net /KX134-1211/KX134_INT1)
    (add_net /KX134-1211/KX134_INT2)
    (add_net /MAX-8Q/GPS_ANT_NET)
    (add_net /MAX-8Q/GPS_LNA_EN)
    (add_net /MAX-8Q/GPS_VCC_RF)
    (add_net /MAX-8Q/~RESET)
    (add_net /MCP9808/ALERT)
    (add_net "/Main Bus/Fire")
    (add_net "/Main Bus/Fire_redundant")
    (add_net "/Main Bus/t_clk")
    (add_net /NRST)
    (add_net /SPI1_MISO)
    (add_net /SPI1_MOSI)
    (add_net /SPI1_SCK)
    (add_net /SPI2_MISO)
    (add_net /SPI2_MOSI)
    (add_net /SPI2_SCK)
    (add_net /SWCLK)
    (add_net /SWDIO)
    (add_net /USART1_RX)
    (add_net /USART1_TX)
    (add_net "/USB Connector and ESD/USB_CONN_D+")
    (add_net "/USB Connector and ESD/USB_CONN_D-")
    (add_net /USB_DM)
    (add_net /USB_DP)
    (add_net GND)
    (add_net "Net-(C15-Pad1)")
    (add_net "Net-(C16-Pad1)")
    (add_net "Net-(C20-Pad2)")
    (add_net "Net-(C21-Pad2)")
    (add_net "Net-(C22-Pad2)")
    (add_net "Net-(D1-Pad2)")
    (add_net "Net-(D2-Pad2)")
    (add_net "Net-(D3-Pad2)")
    (add_net "Net-(FB1-Pad2)")
    (add_net "Net-(J1-Pad4)")
    (add_net "Net-(J1-Pad6)")
    (add_net "Net-(J3-Pad10)")
    (add_net "Net-(J3-Pad11)")
    (add_net "Net-(J3-Pad12)")
    (add_net "Net-(J3-Pad13)")
    (add_net "Net-(J3-Pad14)")
    (add_net "Net-(J3-Pad15)")
    (add_net "Net-(J3-Pad16)")
    (add_net "Net-(J3-Pad17)")
    (add_net "Net-(J3-Pad27)")
    (add_net "Net-(J3-Pad28)")
    (add_net "Net-(J3-Pad29)")
    (add_net "Net-(J3-Pad30)")
    (add_net "Net-(J3-Pad31)")
    (add_net "Net-(J3-Pad32)")
    (add_net "Net-(J3-Pad33)")
    (add_net "Net-(J3-Pad34)")
    (add_net "Net-(J3-Pad35)")
    (add_net "Net-(J3-Pad36)")
    (add_net "Net-(J3-Pad8)")
    (add_net "Net-(J3-Pad9)")
    (add_net "Net-(L1-Pad1)")
    (add_net "Net-(Q1-Pad2)")
    (add_net "Net-(Q1-Pad6)")
    (add_net "Net-(R1-Pad1)")
    (add_net "Net-(R10-Pad1)")
    (add_net "Net-(R11-Pad1)")
    (add_net "Net-(U4-Pad15)")
    (add_net "Net-(U4-Pad18)")
    (add_net "Net-(U4-Pad4)")
    (add_net "Net-(U5-Pad1)")
    (add_net "Net-(U5-Pad10)")
    (add_net "Net-(U5-Pad14)")
    (add_net "Net-(U5-Pad18)")
    (add_net "Net-(U5-Pad19)")
    (add_net "Net-(U5-Pad2)")
    (add_net "Net-(U5-Pad20)")
    (add_net "Net-(U5-Pad3)")
    (add_net "Net-(U5-Pad30)")
    (add_net "Net-(U5-Pad31)")
    (add_net "Net-(U5-Pad38)")
    (add_net "Net-(U5-Pad39)")
    (add_net "Net-(U5-Pad4)")
    (add_net "Net-(U5-Pad40)")
    (add_net "Net-(U5-Pad41)")
    (add_net "Net-(U5-Pad45)")
    (add_net "Net-(U8-Pad1)")
    (add_net "Net-(U8-Pad12)")
    (add_net "Net-(U8-Pad13)")
    (add_net "Net-(U8-Pad21)")
    (add_net "Net-(U8-Pad22)")
    (add_net "Net-(U8-Pad23)")
    (add_net "Net-(U8-Pad24)")
    (add_net "Net-(U8-Pad7)")
    (add_net "Net-(U8-Pad8)")
  )

  (module Capacitor_SMD:C_0603_1608Metric (layer F.Cu) (tedit 5F68FEEE) (tstamp 61A8BD22)
    (at 351.465001 86.515001)
    (descr "Capacitor SMD 0603 (1608 Metric), square (rectangular) end terminal, IPC_7351 nominal, (Body size source: IPC-SM-782 page 76, https://www.pcb-3d.com/wordpress/wp-content/uploads/ipc-sm-782a_amendment_1_and_2.pdf), generated with kicad-footprint-generator")
    (tags capacitor)
    (path /615EE01A/617B9DD7)
    (attr smd)
    (fp_text reference C1 (at 0 -1.43) (layer F.SilkS)
      (effects (font (size 1 1) (thickness 0.15)))
    )
    (fp_text value 0.1uF (at 0 1.43) (layer F.Fab)
      (effects (font (size 1 1) (thickness 0.15)))
    )
    (fp_line (start 1.48 0.73) (end -1.48 0.73) (layer F.CrtYd) (width 0.05))
    (fp_line (start 1.48 -0.73) (end 1.48 0.73) (layer F.CrtYd) (width 0.05))
    (fp_line (start -1.48 -0.73) (end 1.48 -0.73) (layer F.CrtYd) (width 0.05))
    (fp_line (start -1.48 0.73) (end -1.48 -0.73) (layer F.CrtYd) (width 0.05))
    (fp_line (start -0.14058 0.51) (end 0.14058 0.51) (layer F.SilkS) (width 0.12))
    (fp_line (start -0.14058 -0.51) (end 0.14058 -0.51) (layer F.SilkS) (width 0.12))
    (fp_line (start 0.8 0.4) (end -0.8 0.4) (layer F.Fab) (width 0.1))
    (fp_line (start 0.8 -0.4) (end 0.8 0.4) (layer F.Fab) (width 0.1))
    (fp_line (start -0.8 -0.4) (end 0.8 -0.4) (layer F.Fab) (width 0.1))
    (fp_line (start -0.8 0.4) (end -0.8 -0.4) (layer F.Fab) (width 0.1))
    (fp_text user %R (at 0 0) (layer F.Fab)
      (effects (font (size 0.4 0.4) (thickness 0.06)))
    )
    (pad 1 smd roundrect (at -0.775 0) (size 0.9 0.95) (layers F.Cu F.Paste F.Mask) (roundrect_rratio 0.25)
      (net 1 +5V))
    (pad 2 smd roundrect (at 0.775 0) (size 0.9 0.95) (layers F.Cu F.Paste F.Mask) (roundrect_rratio 0.25)
      (net 2 GND))
    (model ${KISYS3DMOD}/Capacitor_SMD.3dshapes/C_0603_1608Metric.wrl
      (at (xyz 0 0 0))
      (scale (xyz 1 1 1))
      (rotate (xyz 0 0 0))
    )
  )

  (module Capacitor_SMD:C_0603_1608Metric (layer F.Cu) (tedit 5F68FEEE) (tstamp 61A8BC4D)
    (at 356.355001 83.795001)
    (descr "Capacitor SMD 0603 (1608 Metric), square (rectangular) end terminal, IPC_7351 nominal, (Body size source: IPC-SM-782 page 76, https://www.pcb-3d.com/wordpress/wp-content/uploads/ipc-sm-782a_amendment_1_and_2.pdf), generated with kicad-footprint-generator")
    (tags capacitor)
    (path /615EE01A/617B9DBE)
    (attr smd)
    (fp_text reference C2 (at 0 -1.43) (layer F.SilkS)
      (effects (font (size 1 1) (thickness 0.15)))
    )
    (fp_text value 1uF (at 0 1.43) (layer F.Fab)
      (effects (font (size 1 1) (thickness 0.15)))
    )
    (fp_line (start 1.48 0.73) (end -1.48 0.73) (layer F.CrtYd) (width 0.05))
    (fp_line (start 1.48 -0.73) (end 1.48 0.73) (layer F.CrtYd) (width 0.05))
    (fp_line (start -1.48 -0.73) (end 1.48 -0.73) (layer F.CrtYd) (width 0.05))
    (fp_line (start -1.48 0.73) (end -1.48 -0.73) (layer F.CrtYd) (width 0.05))
    (fp_line (start -0.14058 0.51) (end 0.14058 0.51) (layer F.SilkS) (width 0.12))
    (fp_line (start -0.14058 -0.51) (end 0.14058 -0.51) (layer F.SilkS) (width 0.12))
    (fp_line (start 0.8 0.4) (end -0.8 0.4) (layer F.Fab) (width 0.1))
    (fp_line (start 0.8 -0.4) (end 0.8 0.4) (layer F.Fab) (width 0.1))
    (fp_line (start -0.8 -0.4) (end 0.8 -0.4) (layer F.Fab) (width 0.1))
    (fp_line (start -0.8 0.4) (end -0.8 -0.4) (layer F.Fab) (width 0.1))
    (fp_text user %R (at 0 0) (layer F.Fab)
      (effects (font (size 0.4 0.4) (thickness 0.06)))
    )
    (pad 1 smd roundrect (at -0.775 0) (size 0.9 0.95) (layers F.Cu F.Paste F.Mask) (roundrect_rratio 0.25)
      (net 3 +3V3))
    (pad 2 smd roundrect (at 0.775 0) (size 0.9 0.95) (layers F.Cu F.Paste F.Mask) (roundrect_rratio 0.25)
      (net 2 GND))
    (model ${KISYS3DMOD}/Capacitor_SMD.3dshapes/C_0603_1608Metric.wrl
      (at (xyz 0 0 0))
      (scale (xyz 1 1 1))
      (rotate (xyz 0 0 0))
    )
  )

  (module Capacitor_SMD:C_0603_1608Metric (layer F.Cu) (tedit 5F68FEEE) (tstamp 61A8BFDD)
    (at 416.605001 66.225001)
    (descr "Capacitor SMD 0603 (1608 Metric), square (rectangular) end terminal, IPC_7351 nominal, (Body size source: IPC-SM-782 page 76, https://www.pcb-3d.com/wordpress/wp-content/uploads/ipc-sm-782a_amendment_1_and_2.pdf), generated with kicad-footprint-generator")
    (tags capacitor)
    (path /615C1FB4/6160E331)
    (attr smd)
    (fp_text reference C3 (at 0 -1.43) (layer F.SilkS)
      (effects (font (size 1 1) (thickness 0.15)))
    )
    (fp_text value 100nF (at 0 1.43) (layer F.Fab)
      (effects (font (size 1 1) (thickness 0.15)))
    )
    (fp_text user %R (at 0 0) (layer F.Fab)
      (effects (font (size 0.4 0.4) (thickness 0.06)))
    )
    (fp_line (start -0.8 0.4) (end -0.8 -0.4) (layer F.Fab) (width 0.1))
    (fp_line (start -0.8 -0.4) (end 0.8 -0.4) (layer F.Fab) (width 0.1))
    (fp_line (start 0.8 -0.4) (end 0.8 0.4) (layer F.Fab) (width 0.1))
    (fp_line (start 0.8 0.4) (end -0.8 0.4) (layer F.Fab) (width 0.1))
    (fp_line (start -0.14058 -0.51) (end 0.14058 -0.51) (layer F.SilkS) (width 0.12))
    (fp_line (start -0.14058 0.51) (end 0.14058 0.51) (layer F.SilkS) (width 0.12))
    (fp_line (start -1.48 0.73) (end -1.48 -0.73) (layer F.CrtYd) (width 0.05))
    (fp_line (start -1.48 -0.73) (end 1.48 -0.73) (layer F.CrtYd) (width 0.05))
    (fp_line (start 1.48 -0.73) (end 1.48 0.73) (layer F.CrtYd) (width 0.05))
    (fp_line (start 1.48 0.73) (end -1.48 0.73) (layer F.CrtYd) (width 0.05))
    (pad 2 smd roundrect (at 0.775 0) (size 0.9 0.95) (layers F.Cu F.Paste F.Mask) (roundrect_rratio 0.25)
      (net 2 GND))
    (pad 1 smd roundrect (at -0.775 0) (size 0.9 0.95) (layers F.Cu F.Paste F.Mask) (roundrect_rratio 0.25)
      (net 3 +3V3))
    (model ${KISYS3DMOD}/Capacitor_SMD.3dshapes/C_0603_1608Metric.wrl
      (at (xyz 0 0 0))
      (scale (xyz 1 1 1))
      (rotate (xyz 0 0 0))
    )
  )

  (module Capacitor_SMD:C_0603_1608Metric (layer F.Cu) (tedit 5F68FEEE) (tstamp 61A8BB57)
    (at 308.845001 93.225001)
    (descr "Capacitor SMD 0603 (1608 Metric), square (rectangular) end terminal, IPC_7351 nominal, (Body size source: IPC-SM-782 page 76, https://www.pcb-3d.com/wordpress/wp-content/uploads/ipc-sm-782a_amendment_1_and_2.pdf), generated with kicad-footprint-generator")
    (tags capacitor)
    (path /615A5F2C/6161C99E)
    (attr smd)
    (fp_text reference C4 (at 0 -1.43) (layer F.SilkS)
      (effects (font (size 1 1) (thickness 0.15)))
    )
    (fp_text value 1uF (at 0 1.43) (layer F.Fab)
      (effects (font (size 1 1) (thickness 0.15)))
    )
    (fp_line (start 1.48 0.73) (end -1.48 0.73) (layer F.CrtYd) (width 0.05))
    (fp_line (start 1.48 -0.73) (end 1.48 0.73) (layer F.CrtYd) (width 0.05))
    (fp_line (start -1.48 -0.73) (end 1.48 -0.73) (layer F.CrtYd) (width 0.05))
    (fp_line (start -1.48 0.73) (end -1.48 -0.73) (layer F.CrtYd) (width 0.05))
    (fp_line (start -0.14058 0.51) (end 0.14058 0.51) (layer F.SilkS) (width 0.12))
    (fp_line (start -0.14058 -0.51) (end 0.14058 -0.51) (layer F.SilkS) (width 0.12))
    (fp_line (start 0.8 0.4) (end -0.8 0.4) (layer F.Fab) (width 0.1))
    (fp_line (start 0.8 -0.4) (end 0.8 0.4) (layer F.Fab) (width 0.1))
    (fp_line (start -0.8 -0.4) (end 0.8 -0.4) (layer F.Fab) (width 0.1))
    (fp_line (start -0.8 0.4) (end -0.8 -0.4) (layer F.Fab) (width 0.1))
    (fp_text user %R (at 0 0) (layer F.Fab)
      (effects (font (size 0.4 0.4) (thickness 0.06)))
    )
    (pad 1 smd roundrect (at -0.775 0) (size 0.9 0.95) (layers F.Cu F.Paste F.Mask) (roundrect_rratio 0.25)
      (net 3 +3V3))
    (pad 2 smd roundrect (at 0.775 0) (size 0.9 0.95) (layers F.Cu F.Paste F.Mask) (roundrect_rratio 0.25)
      (net 2 GND))
    (model ${KISYS3DMOD}/Capacitor_SMD.3dshapes/C_0603_1608Metric.wrl
      (at (xyz 0 0 0))
      (scale (xyz 1 1 1))
      (rotate (xyz 0 0 0))
    )
  )

  (module Capacitor_SMD:C_0603_1608Metric (layer F.Cu) (tedit 5F68FEEE) (tstamp 61A8BA37)
    (at 312.915001 87.865001)
    (descr "Capacitor SMD 0603 (1608 Metric), square (rectangular) end terminal, IPC_7351 nominal, (Body size source: IPC-SM-782 page 76, https://www.pcb-3d.com/wordpress/wp-content/uploads/ipc-sm-782a_amendment_1_and_2.pdf), generated with kicad-footprint-generator")
    (tags capacitor)
    (path /615A5F2C/6161C9AC)
    (attr smd)
    (fp_text reference C5 (at 0 -1.43) (layer F.SilkS)
      (effects (font (size 1 1) (thickness 0.15)))
    )
    (fp_text value 100nF (at 0 1.43) (layer F.Fab)
      (effects (font (size 1 1) (thickness 0.15)))
    )
    (fp_text user %R (at 0 0) (layer F.Fab)
      (effects (font (size 0.4 0.4) (thickness 0.06)))
    )
    (fp_line (start -0.8 0.4) (end -0.8 -0.4) (layer F.Fab) (width 0.1))
    (fp_line (start -0.8 -0.4) (end 0.8 -0.4) (layer F.Fab) (width 0.1))
    (fp_line (start 0.8 -0.4) (end 0.8 0.4) (layer F.Fab) (width 0.1))
    (fp_line (start 0.8 0.4) (end -0.8 0.4) (layer F.Fab) (width 0.1))
    (fp_line (start -0.14058 -0.51) (end 0.14058 -0.51) (layer F.SilkS) (width 0.12))
    (fp_line (start -0.14058 0.51) (end 0.14058 0.51) (layer F.SilkS) (width 0.12))
    (fp_line (start -1.48 0.73) (end -1.48 -0.73) (layer F.CrtYd) (width 0.05))
    (fp_line (start -1.48 -0.73) (end 1.48 -0.73) (layer F.CrtYd) (width 0.05))
    (fp_line (start 1.48 -0.73) (end 1.48 0.73) (layer F.CrtYd) (width 0.05))
    (fp_line (start 1.48 0.73) (end -1.48 0.73) (layer F.CrtYd) (width 0.05))
    (pad 2 smd roundrect (at 0.775 0) (size 0.9 0.95) (layers F.Cu F.Paste F.Mask) (roundrect_rratio 0.25)
      (net 2 GND))
    (pad 1 smd roundrect (at -0.775 0) (size 0.9 0.95) (layers F.Cu F.Paste F.Mask) (roundrect_rratio 0.25)
      (net 3 +3V3))
    (model ${KISYS3DMOD}/Capacitor_SMD.3dshapes/C_0603_1608Metric.wrl
      (at (xyz 0 0 0))
      (scale (xyz 1 1 1))
      (rotate (xyz 0 0 0))
    )
  )

  (module Capacitor_SMD:C_0603_1608Metric (layer F.Cu) (tedit 5F68FEEE) (tstamp 61A8BE9C)
    (at 316.925001 87.465001)
    (descr "Capacitor SMD 0603 (1608 Metric), square (rectangular) end terminal, IPC_7351 nominal, (Body size source: IPC-SM-782 page 76, https://www.pcb-3d.com/wordpress/wp-content/uploads/ipc-sm-782a_amendment_1_and_2.pdf), generated with kicad-footprint-generator")
    (tags capacitor)
    (path /615A5F2C/6161C9B2)
    (attr smd)
    (fp_text reference C6 (at 0 -1.43) (layer F.SilkS)
      (effects (font (size 1 1) (thickness 0.15)))
    )
    (fp_text value 100nF (at 0 1.43) (layer F.Fab)
      (effects (font (size 1 1) (thickness 0.15)))
    )
    (fp_line (start 1.48 0.73) (end -1.48 0.73) (layer F.CrtYd) (width 0.05))
    (fp_line (start 1.48 -0.73) (end 1.48 0.73) (layer F.CrtYd) (width 0.05))
    (fp_line (start -1.48 -0.73) (end 1.48 -0.73) (layer F.CrtYd) (width 0.05))
    (fp_line (start -1.48 0.73) (end -1.48 -0.73) (layer F.CrtYd) (width 0.05))
    (fp_line (start -0.14058 0.51) (end 0.14058 0.51) (layer F.SilkS) (width 0.12))
    (fp_line (start -0.14058 -0.51) (end 0.14058 -0.51) (layer F.SilkS) (width 0.12))
    (fp_line (start 0.8 0.4) (end -0.8 0.4) (layer F.Fab) (width 0.1))
    (fp_line (start 0.8 -0.4) (end 0.8 0.4) (layer F.Fab) (width 0.1))
    (fp_line (start -0.8 -0.4) (end 0.8 -0.4) (layer F.Fab) (width 0.1))
    (fp_line (start -0.8 0.4) (end -0.8 -0.4) (layer F.Fab) (width 0.1))
    (fp_text user %R (at 0 0) (layer F.Fab)
      (effects (font (size 0.4 0.4) (thickness 0.06)))
    )
    (pad 1 smd roundrect (at -0.775 0) (size 0.9 0.95) (layers F.Cu F.Paste F.Mask) (roundrect_rratio 0.25)
      (net 3 +3V3))
    (pad 2 smd roundrect (at 0.775 0) (size 0.9 0.95) (layers F.Cu F.Paste F.Mask) (roundrect_rratio 0.25)
      (net 2 GND))
    (model ${KISYS3DMOD}/Capacitor_SMD.3dshapes/C_0603_1608Metric.wrl
      (at (xyz 0 0 0))
      (scale (xyz 1 1 1))
      (rotate (xyz 0 0 0))
    )
  )

  (module Capacitor_SMD:C_0603_1608Metric (layer F.Cu) (tedit 5F68FEEE) (tstamp 61A8B947)
    (at 316.925001 89.975001)
    (descr "Capacitor SMD 0603 (1608 Metric), square (rectangular) end terminal, IPC_7351 nominal, (Body size source: IPC-SM-782 page 76, https://www.pcb-3d.com/wordpress/wp-content/uploads/ipc-sm-782a_amendment_1_and_2.pdf), generated with kicad-footprint-generator")
    (tags capacitor)
    (path /615A5F2C/6161C9B8)
    (attr smd)
    (fp_text reference C7 (at 0 -1.43) (layer F.SilkS)
      (effects (font (size 1 1) (thickness 0.15)))
    )
    (fp_text value 100nF (at 0 1.43) (layer F.Fab)
      (effects (font (size 1 1) (thickness 0.15)))
    )
    (fp_text user %R (at 0 0) (layer F.Fab)
      (effects (font (size 0.4 0.4) (thickness 0.06)))
    )
    (fp_line (start -0.8 0.4) (end -0.8 -0.4) (layer F.Fab) (width 0.1))
    (fp_line (start -0.8 -0.4) (end 0.8 -0.4) (layer F.Fab) (width 0.1))
    (fp_line (start 0.8 -0.4) (end 0.8 0.4) (layer F.Fab) (width 0.1))
    (fp_line (start 0.8 0.4) (end -0.8 0.4) (layer F.Fab) (width 0.1))
    (fp_line (start -0.14058 -0.51) (end 0.14058 -0.51) (layer F.SilkS) (width 0.12))
    (fp_line (start -0.14058 0.51) (end 0.14058 0.51) (layer F.SilkS) (width 0.12))
    (fp_line (start -1.48 0.73) (end -1.48 -0.73) (layer F.CrtYd) (width 0.05))
    (fp_line (start -1.48 -0.73) (end 1.48 -0.73) (layer F.CrtYd) (width 0.05))
    (fp_line (start 1.48 -0.73) (end 1.48 0.73) (layer F.CrtYd) (width 0.05))
    (fp_line (start 1.48 0.73) (end -1.48 0.73) (layer F.CrtYd) (width 0.05))
    (pad 2 smd roundrect (at 0.775 0) (size 0.9 0.95) (layers F.Cu F.Paste F.Mask) (roundrect_rratio 0.25)
      (net 2 GND))
    (pad 1 smd roundrect (at -0.775 0) (size 0.9 0.95) (layers F.Cu F.Paste F.Mask) (roundrect_rratio 0.25)
      (net 3 +3V3))
    (model ${KISYS3DMOD}/Capacitor_SMD.3dshapes/C_0603_1608Metric.wrl
      (at (xyz 0 0 0))
      (scale (xyz 1 1 1))
      (rotate (xyz 0 0 0))
    )
  )

  (module Capacitor_SMD:C_0603_1608Metric (layer F.Cu) (tedit 5F68FEEE) (tstamp 61A8BECC)
    (at 320.935001 87.865001)
    (descr "Capacitor SMD 0603 (1608 Metric), square (rectangular) end terminal, IPC_7351 nominal, (Body size source: IPC-SM-782 page 76, https://www.pcb-3d.com/wordpress/wp-content/uploads/ipc-sm-782a_amendment_1_and_2.pdf), generated with kicad-footprint-generator")
    (tags capacitor)
    (path /615A5F2C/6161C9D2)
    (attr smd)
    (fp_text reference C8 (at 0 -1.43) (layer F.SilkS)
      (effects (font (size 1 1) (thickness 0.15)))
    )
    (fp_text value 100nF (at 0 1.43) (layer F.Fab)
      (effects (font (size 1 1) (thickness 0.15)))
    )
    (fp_line (start 1.48 0.73) (end -1.48 0.73) (layer F.CrtYd) (width 0.05))
    (fp_line (start 1.48 -0.73) (end 1.48 0.73) (layer F.CrtYd) (width 0.05))
    (fp_line (start -1.48 -0.73) (end 1.48 -0.73) (layer F.CrtYd) (width 0.05))
    (fp_line (start -1.48 0.73) (end -1.48 -0.73) (layer F.CrtYd) (width 0.05))
    (fp_line (start -0.14058 0.51) (end 0.14058 0.51) (layer F.SilkS) (width 0.12))
    (fp_line (start -0.14058 -0.51) (end 0.14058 -0.51) (layer F.SilkS) (width 0.12))
    (fp_line (start 0.8 0.4) (end -0.8 0.4) (layer F.Fab) (width 0.1))
    (fp_line (start 0.8 -0.4) (end 0.8 0.4) (layer F.Fab) (width 0.1))
    (fp_line (start -0.8 -0.4) (end 0.8 -0.4) (layer F.Fab) (width 0.1))
    (fp_line (start -0.8 0.4) (end -0.8 -0.4) (layer F.Fab) (width 0.1))
    (fp_text user %R (at 0 0) (layer F.Fab)
      (effects (font (size 0.4 0.4) (thickness 0.06)))
    )
    (pad 1 smd roundrect (at -0.775 0) (size 0.9 0.95) (layers F.Cu F.Paste F.Mask) (roundrect_rratio 0.25)
      (net 3 +3V3))
    (pad 2 smd roundrect (at 0.775 0) (size 0.9 0.95) (layers F.Cu F.Paste F.Mask) (roundrect_rratio 0.25)
      (net 2 GND))
    (model ${KISYS3DMOD}/Capacitor_SMD.3dshapes/C_0603_1608Metric.wrl
      (at (xyz 0 0 0))
      (scale (xyz 1 1 1))
      (rotate (xyz 0 0 0))
    )
  )

  (module Capacitor_SMD:C_0603_1608Metric (layer F.Cu) (tedit 5F68FEEE) (tstamp 61A8BA67)
    (at 324.945001 87.865001)
    (descr "Capacitor SMD 0603 (1608 Metric), square (rectangular) end terminal, IPC_7351 nominal, (Body size source: IPC-SM-782 page 76, https://www.pcb-3d.com/wordpress/wp-content/uploads/ipc-sm-782a_amendment_1_and_2.pdf), generated with kicad-footprint-generator")
    (tags capacitor)
    (path /615A5F2C/616192DC)
    (attr smd)
    (fp_text reference C9 (at 0 -1.43) (layer F.SilkS)
      (effects (font (size 1 1) (thickness 0.15)))
    )
    (fp_text value 1nF (at 0 1.43) (layer F.Fab)
      (effects (font (size 1 1) (thickness 0.15)))
    )
    (fp_line (start 1.48 0.73) (end -1.48 0.73) (layer F.CrtYd) (width 0.05))
    (fp_line (start 1.48 -0.73) (end 1.48 0.73) (layer F.CrtYd) (width 0.05))
    (fp_line (start -1.48 -0.73) (end 1.48 -0.73) (layer F.CrtYd) (width 0.05))
    (fp_line (start -1.48 0.73) (end -1.48 -0.73) (layer F.CrtYd) (width 0.05))
    (fp_line (start -0.14058 0.51) (end 0.14058 0.51) (layer F.SilkS) (width 0.12))
    (fp_line (start -0.14058 -0.51) (end 0.14058 -0.51) (layer F.SilkS) (width 0.12))
    (fp_line (start 0.8 0.4) (end -0.8 0.4) (layer F.Fab) (width 0.1))
    (fp_line (start 0.8 -0.4) (end 0.8 0.4) (layer F.Fab) (width 0.1))
    (fp_line (start -0.8 -0.4) (end 0.8 -0.4) (layer F.Fab) (width 0.1))
    (fp_line (start -0.8 0.4) (end -0.8 -0.4) (layer F.Fab) (width 0.1))
    (fp_text user %R (at 0 0) (layer F.Fab)
      (effects (font (size 0.4 0.4) (thickness 0.06)))
    )
    (pad 1 smd roundrect (at -0.775 0) (size 0.9 0.95) (layers F.Cu F.Paste F.Mask) (roundrect_rratio 0.25)
      (net 4 /MAX-8Q/GPS_VCC_RF))
    (pad 2 smd roundrect (at 0.775 0) (size 0.9 0.95) (layers F.Cu F.Paste F.Mask) (roundrect_rratio 0.25)
      (net 2 GND))
    (model ${KISYS3DMOD}/Capacitor_SMD.3dshapes/C_0603_1608Metric.wrl
      (at (xyz 0 0 0))
      (scale (xyz 1 1 1))
      (rotate (xyz 0 0 0))
    )
  )

  (module Capacitor_SMD:C_0603_1608Metric (layer F.Cu) (tedit 5F68FEEE) (tstamp 61A8BB27)
    (at 415.115001 32.455001)
    (descr "Capacitor SMD 0603 (1608 Metric), square (rectangular) end terminal, IPC_7351 nominal, (Body size source: IPC-SM-782 page 76, https://www.pcb-3d.com/wordpress/wp-content/uploads/ipc-sm-782a_amendment_1_and_2.pdf), generated with kicad-footprint-generator")
    (tags capacitor)
    (path /61E8EFE4/61EA264B)
    (attr smd)
    (fp_text reference C10 (at 0 -1.43) (layer F.SilkS)
      (effects (font (size 1 1) (thickness 0.15)))
    )
    (fp_text value 1uF (at 0 1.43) (layer F.Fab)
      (effects (font (size 1 1) (thickness 0.15)))
    )
    (fp_text user %R (at 0 0) (layer F.Fab)
      (effects (font (size 0.4 0.4) (thickness 0.06)))
    )
    (fp_line (start -0.8 0.4) (end -0.8 -0.4) (layer F.Fab) (width 0.1))
    (fp_line (start -0.8 -0.4) (end 0.8 -0.4) (layer F.Fab) (width 0.1))
    (fp_line (start 0.8 -0.4) (end 0.8 0.4) (layer F.Fab) (width 0.1))
    (fp_line (start 0.8 0.4) (end -0.8 0.4) (layer F.Fab) (width 0.1))
    (fp_line (start -0.14058 -0.51) (end 0.14058 -0.51) (layer F.SilkS) (width 0.12))
    (fp_line (start -0.14058 0.51) (end 0.14058 0.51) (layer F.SilkS) (width 0.12))
    (fp_line (start -1.48 0.73) (end -1.48 -0.73) (layer F.CrtYd) (width 0.05))
    (fp_line (start -1.48 -0.73) (end 1.48 -0.73) (layer F.CrtYd) (width 0.05))
    (fp_line (start 1.48 -0.73) (end 1.48 0.73) (layer F.CrtYd) (width 0.05))
    (fp_line (start 1.48 0.73) (end -1.48 0.73) (layer F.CrtYd) (width 0.05))
    (pad 2 smd roundrect (at 0.775 0) (size 0.9 0.95) (layers F.Cu F.Paste F.Mask) (roundrect_rratio 0.25)
      (net 2 GND))
    (pad 1 smd roundrect (at -0.775 0) (size 0.9 0.95) (layers F.Cu F.Paste F.Mask) (roundrect_rratio 0.25)
      (net 3 +3V3))
    (model ${KISYS3DMOD}/Capacitor_SMD.3dshapes/C_0603_1608Metric.wrl
      (at (xyz 0 0 0))
      (scale (xyz 1 1 1))
      (rotate (xyz 0 0 0))
    )
  )

  (module Capacitor_SMD:C_0603_1608Metric (layer F.Cu) (tedit 5F68FEEE) (tstamp 61A8BDB8)
    (at 416.685001 39.985001)
    (descr "Capacitor SMD 0603 (1608 Metric), square (rectangular) end terminal, IPC_7351 nominal, (Body size source: IPC-SM-782 page 76, https://www.pcb-3d.com/wordpress/wp-content/uploads/ipc-sm-782a_amendment_1_and_2.pdf), generated with kicad-footprint-generator")
    (tags capacitor)
    (path /61E8EFE4/61EA2659)
    (attr smd)
    (fp_text reference C11 (at 0 -1.43) (layer F.SilkS)
      (effects (font (size 1 1) (thickness 0.15)))
    )
    (fp_text value 100nF (at 0 1.43) (layer F.Fab)
      (effects (font (size 1 1) (thickness 0.15)))
    )
    (fp_line (start 1.48 0.73) (end -1.48 0.73) (layer F.CrtYd) (width 0.05))
    (fp_line (start 1.48 -0.73) (end 1.48 0.73) (layer F.CrtYd) (width 0.05))
    (fp_line (start -1.48 -0.73) (end 1.48 -0.73) (layer F.CrtYd) (width 0.05))
    (fp_line (start -1.48 0.73) (end -1.48 -0.73) (layer F.CrtYd) (width 0.05))
    (fp_line (start -0.14058 0.51) (end 0.14058 0.51) (layer F.SilkS) (width 0.12))
    (fp_line (start -0.14058 -0.51) (end 0.14058 -0.51) (layer F.SilkS) (width 0.12))
    (fp_line (start 0.8 0.4) (end -0.8 0.4) (layer F.Fab) (width 0.1))
    (fp_line (start 0.8 -0.4) (end 0.8 0.4) (layer F.Fab) (width 0.1))
    (fp_line (start -0.8 -0.4) (end 0.8 -0.4) (layer F.Fab) (width 0.1))
    (fp_line (start -0.8 0.4) (end -0.8 -0.4) (layer F.Fab) (width 0.1))
    (fp_text user %R (at 0 0) (layer F.Fab)
      (effects (font (size 0.4 0.4) (thickness 0.06)))
    )
    (pad 1 smd roundrect (at -0.775 0) (size 0.9 0.95) (layers F.Cu F.Paste F.Mask) (roundrect_rratio 0.25)
      (net 3 +3V3))
    (pad 2 smd roundrect (at 0.775 0) (size 0.9 0.95) (layers F.Cu F.Paste F.Mask) (roundrect_rratio 0.25)
      (net 2 GND))
    (model ${KISYS3DMOD}/Capacitor_SMD.3dshapes/C_0603_1608Metric.wrl
      (at (xyz 0 0 0))
      (scale (xyz 1 1 1))
      (rotate (xyz 0 0 0))
    )
  )

  (module Capacitor_SMD:C_0603_1608Metric (layer F.Cu) (tedit 5F68FEEE) (tstamp 61A8BAF7)
    (at 416.685001 37.475001)
    (descr "Capacitor SMD 0603 (1608 Metric), square (rectangular) end terminal, IPC_7351 nominal, (Body size source: IPC-SM-782 page 76, https://www.pcb-3d.com/wordpress/wp-content/uploads/ipc-sm-782a_amendment_1_and_2.pdf), generated with kicad-footprint-generator")
    (tags capacitor)
    (path /61E8EFE4/61EA265F)
    (attr smd)
    (fp_text reference C12 (at 0 -1.43) (layer F.SilkS)
      (effects (font (size 1 1) (thickness 0.15)))
    )
    (fp_text value 100nF (at 0 1.43) (layer F.Fab)
      (effects (font (size 1 1) (thickness 0.15)))
    )
    (fp_text user %R (at 0 0) (layer F.Fab)
      (effects (font (size 0.4 0.4) (thickness 0.06)))
    )
    (fp_line (start -0.8 0.4) (end -0.8 -0.4) (layer F.Fab) (width 0.1))
    (fp_line (start -0.8 -0.4) (end 0.8 -0.4) (layer F.Fab) (width 0.1))
    (fp_line (start 0.8 -0.4) (end 0.8 0.4) (layer F.Fab) (width 0.1))
    (fp_line (start 0.8 0.4) (end -0.8 0.4) (layer F.Fab) (width 0.1))
    (fp_line (start -0.14058 -0.51) (end 0.14058 -0.51) (layer F.SilkS) (width 0.12))
    (fp_line (start -0.14058 0.51) (end 0.14058 0.51) (layer F.SilkS) (width 0.12))
    (fp_line (start -1.48 0.73) (end -1.48 -0.73) (layer F.CrtYd) (width 0.05))
    (fp_line (start -1.48 -0.73) (end 1.48 -0.73) (layer F.CrtYd) (width 0.05))
    (fp_line (start 1.48 -0.73) (end 1.48 0.73) (layer F.CrtYd) (width 0.05))
    (fp_line (start 1.48 0.73) (end -1.48 0.73) (layer F.CrtYd) (width 0.05))
    (pad 2 smd roundrect (at 0.775 0) (size 0.9 0.95) (layers F.Cu F.Paste F.Mask) (roundrect_rratio 0.25)
      (net 2 GND))
    (pad 1 smd roundrect (at -0.775 0) (size 0.9 0.95) (layers F.Cu F.Paste F.Mask) (roundrect_rratio 0.25)
      (net 3 +3V3))
    (model ${KISYS3DMOD}/Capacitor_SMD.3dshapes/C_0603_1608Metric.wrl
      (at (xyz 0 0 0))
      (scale (xyz 1 1 1))
      (rotate (xyz 0 0 0))
    )
  )

  (module Capacitor_SMD:C_0603_1608Metric (layer F.Cu) (tedit 5F68FEEE) (tstamp 61A8BAC7)
    (at 412.475001 44.285001)
    (descr "Capacitor SMD 0603 (1608 Metric), square (rectangular) end terminal, IPC_7351 nominal, (Body size source: IPC-SM-782 page 76, https://www.pcb-3d.com/wordpress/wp-content/uploads/ipc-sm-782a_amendment_1_and_2.pdf), generated with kicad-footprint-generator")
    (tags capacitor)
    (path /61E8EFE4/61EA2665)
    (attr smd)
    (fp_text reference C13 (at 0 -1.43) (layer F.SilkS)
      (effects (font (size 1 1) (thickness 0.15)))
    )
    (fp_text value 100nF (at 0 1.43) (layer F.Fab)
      (effects (font (size 1 1) (thickness 0.15)))
    )
    (fp_text user %R (at 0 0) (layer F.Fab)
      (effects (font (size 0.4 0.4) (thickness 0.06)))
    )
    (fp_line (start -0.8 0.4) (end -0.8 -0.4) (layer F.Fab) (width 0.1))
    (fp_line (start -0.8 -0.4) (end 0.8 -0.4) (layer F.Fab) (width 0.1))
    (fp_line (start 0.8 -0.4) (end 0.8 0.4) (layer F.Fab) (width 0.1))
    (fp_line (start 0.8 0.4) (end -0.8 0.4) (layer F.Fab) (width 0.1))
    (fp_line (start -0.14058 -0.51) (end 0.14058 -0.51) (layer F.SilkS) (width 0.12))
    (fp_line (start -0.14058 0.51) (end 0.14058 0.51) (layer F.SilkS) (width 0.12))
    (fp_line (start -1.48 0.73) (end -1.48 -0.73) (layer F.CrtYd) (width 0.05))
    (fp_line (start -1.48 -0.73) (end 1.48 -0.73) (layer F.CrtYd) (width 0.05))
    (fp_line (start 1.48 -0.73) (end 1.48 0.73) (layer F.CrtYd) (width 0.05))
    (fp_line (start 1.48 0.73) (end -1.48 0.73) (layer F.CrtYd) (width 0.05))
    (pad 2 smd roundrect (at 0.775 0) (size 0.9 0.95) (layers F.Cu F.Paste F.Mask) (roundrect_rratio 0.25)
      (net 2 GND))
    (pad 1 smd roundrect (at -0.775 0) (size 0.9 0.95) (layers F.Cu F.Paste F.Mask) (roundrect_rratio 0.25)
      (net 3 +3V3))
    (model ${KISYS3DMOD}/Capacitor_SMD.3dshapes/C_0603_1608Metric.wrl
      (at (xyz 0 0 0))
      (scale (xyz 1 1 1))
      (rotate (xyz 0 0 0))
    )
  )

  (module Capacitor_SMD:C_0603_1608Metric (layer F.Cu) (tedit 5F68FEEE) (tstamp 61A8BC7D)
    (at 416.485001 42.495001)
    (descr "Capacitor SMD 0603 (1608 Metric), square (rectangular) end terminal, IPC_7351 nominal, (Body size source: IPC-SM-782 page 76, https://www.pcb-3d.com/wordpress/wp-content/uploads/ipc-sm-782a_amendment_1_and_2.pdf), generated with kicad-footprint-generator")
    (tags capacitor)
    (path /61E8EFE4/61EA267F)
    (attr smd)
    (fp_text reference C14 (at 0 -1.43) (layer F.SilkS)
      (effects (font (size 1 1) (thickness 0.15)))
    )
    (fp_text value 100nF (at 0 1.43) (layer F.Fab)
      (effects (font (size 1 1) (thickness 0.15)))
    )
    (fp_text user %R (at 0 0) (layer F.Fab)
      (effects (font (size 0.4 0.4) (thickness 0.06)))
    )
    (fp_line (start -0.8 0.4) (end -0.8 -0.4) (layer F.Fab) (width 0.1))
    (fp_line (start -0.8 -0.4) (end 0.8 -0.4) (layer F.Fab) (width 0.1))
    (fp_line (start 0.8 -0.4) (end 0.8 0.4) (layer F.Fab) (width 0.1))
    (fp_line (start 0.8 0.4) (end -0.8 0.4) (layer F.Fab) (width 0.1))
    (fp_line (start -0.14058 -0.51) (end 0.14058 -0.51) (layer F.SilkS) (width 0.12))
    (fp_line (start -0.14058 0.51) (end 0.14058 0.51) (layer F.SilkS) (width 0.12))
    (fp_line (start -1.48 0.73) (end -1.48 -0.73) (layer F.CrtYd) (width 0.05))
    (fp_line (start -1.48 -0.73) (end 1.48 -0.73) (layer F.CrtYd) (width 0.05))
    (fp_line (start 1.48 -0.73) (end 1.48 0.73) (layer F.CrtYd) (width 0.05))
    (fp_line (start 1.48 0.73) (end -1.48 0.73) (layer F.CrtYd) (width 0.05))
    (pad 2 smd roundrect (at 0.775 0) (size 0.9 0.95) (layers F.Cu F.Paste F.Mask) (roundrect_rratio 0.25)
      (net 2 GND))
    (pad 1 smd roundrect (at -0.775 0) (size 0.9 0.95) (layers F.Cu F.Paste F.Mask) (roundrect_rratio 0.25)
      (net 3 +3V3))
    (model ${KISYS3DMOD}/Capacitor_SMD.3dshapes/C_0603_1608Metric.wrl
      (at (xyz 0 0 0))
      (scale (xyz 1 1 1))
      (rotate (xyz 0 0 0))
    )
  )

  (module Capacitor_SMD:C_0603_1608Metric (layer F.Cu) (tedit 5F68FEEE) (tstamp 61A8BFAD)
    (at 412.035001 46.795001)
    (descr "Capacitor SMD 0603 (1608 Metric), square (rectangular) end terminal, IPC_7351 nominal, (Body size source: IPC-SM-782 page 76, https://www.pcb-3d.com/wordpress/wp-content/uploads/ipc-sm-782a_amendment_1_and_2.pdf), generated with kicad-footprint-generator")
    (tags capacitor)
    (path /61E8EFE4/61E9E742)
    (attr smd)
    (fp_text reference C15 (at 0 -1.43) (layer F.SilkS)
      (effects (font (size 1 1) (thickness 0.15)))
    )
    (fp_text value 30pF (at 0 1.43) (layer F.Fab)
      (effects (font (size 1 1) (thickness 0.15)))
    )
    (fp_text user %R (at 0 0) (layer F.Fab)
      (effects (font (size 0.4 0.4) (thickness 0.06)))
    )
    (fp_line (start -0.8 0.4) (end -0.8 -0.4) (layer F.Fab) (width 0.1))
    (fp_line (start -0.8 -0.4) (end 0.8 -0.4) (layer F.Fab) (width 0.1))
    (fp_line (start 0.8 -0.4) (end 0.8 0.4) (layer F.Fab) (width 0.1))
    (fp_line (start 0.8 0.4) (end -0.8 0.4) (layer F.Fab) (width 0.1))
    (fp_line (start -0.14058 -0.51) (end 0.14058 -0.51) (layer F.SilkS) (width 0.12))
    (fp_line (start -0.14058 0.51) (end 0.14058 0.51) (layer F.SilkS) (width 0.12))
    (fp_line (start -1.48 0.73) (end -1.48 -0.73) (layer F.CrtYd) (width 0.05))
    (fp_line (start -1.48 -0.73) (end 1.48 -0.73) (layer F.CrtYd) (width 0.05))
    (fp_line (start 1.48 -0.73) (end 1.48 0.73) (layer F.CrtYd) (width 0.05))
    (fp_line (start 1.48 0.73) (end -1.48 0.73) (layer F.CrtYd) (width 0.05))
    (pad 2 smd roundrect (at 0.775 0) (size 0.9 0.95) (layers F.Cu F.Paste F.Mask) (roundrect_rratio 0.25)
      (net 2 GND))
    (pad 1 smd roundrect (at -0.775 0) (size 0.9 0.95) (layers F.Cu F.Paste F.Mask) (roundrect_rratio 0.25)
      (net 5 "Net-(C15-Pad1)"))
    (model ${KISYS3DMOD}/Capacitor_SMD.3dshapes/C_0603_1608Metric.wrl
      (at (xyz 0 0 0))
      (scale (xyz 1 1 1))
      (rotate (xyz 0 0 0))
    )
  )

  (module Capacitor_SMD:C_0603_1608Metric (layer F.Cu) (tedit 5F68FEEE) (tstamp 61A8BA97)
    (at 412.475001 41.775001)
    (descr "Capacitor SMD 0603 (1608 Metric), square (rectangular) end terminal, IPC_7351 nominal, (Body size source: IPC-SM-782 page 76, https://www.pcb-3d.com/wordpress/wp-content/uploads/ipc-sm-782a_amendment_1_and_2.pdf), generated with kicad-footprint-generator")
    (tags capacitor)
    (path /61E8EFE4/61E9E748)
    (attr smd)
    (fp_text reference C16 (at 0 -1.43) (layer F.SilkS)
      (effects (font (size 1 1) (thickness 0.15)))
    )
    (fp_text value 30pF (at 0 1.43) (layer F.Fab)
      (effects (font (size 1 1) (thickness 0.15)))
    )
    (fp_line (start 1.48 0.73) (end -1.48 0.73) (layer F.CrtYd) (width 0.05))
    (fp_line (start 1.48 -0.73) (end 1.48 0.73) (layer F.CrtYd) (width 0.05))
    (fp_line (start -1.48 -0.73) (end 1.48 -0.73) (layer F.CrtYd) (width 0.05))
    (fp_line (start -1.48 0.73) (end -1.48 -0.73) (layer F.CrtYd) (width 0.05))
    (fp_line (start -0.14058 0.51) (end 0.14058 0.51) (layer F.SilkS) (width 0.12))
    (fp_line (start -0.14058 -0.51) (end 0.14058 -0.51) (layer F.SilkS) (width 0.12))
    (fp_line (start 0.8 0.4) (end -0.8 0.4) (layer F.Fab) (width 0.1))
    (fp_line (start 0.8 -0.4) (end 0.8 0.4) (layer F.Fab) (width 0.1))
    (fp_line (start -0.8 -0.4) (end 0.8 -0.4) (layer F.Fab) (width 0.1))
    (fp_line (start -0.8 0.4) (end -0.8 -0.4) (layer F.Fab) (width 0.1))
    (fp_text user %R (at 0 0) (layer F.Fab)
      (effects (font (size 0.4 0.4) (thickness 0.06)))
    )
    (pad 1 smd roundrect (at -0.775 0) (size 0.9 0.95) (layers F.Cu F.Paste F.Mask) (roundrect_rratio 0.25)
      (net 6 "Net-(C16-Pad1)"))
    (pad 2 smd roundrect (at 0.775 0) (size 0.9 0.95) (layers F.Cu F.Paste F.Mask) (roundrect_rratio 0.25)
      (net 2 GND))
    (model ${KISYS3DMOD}/Capacitor_SMD.3dshapes/C_0603_1608Metric.wrl
      (at (xyz 0 0 0))
      (scale (xyz 1 1 1))
      (rotate (xyz 0 0 0))
    )
  )

  (module Capacitor_SMD:C_0603_1608Metric (layer F.Cu) (tedit 5F68FEEE) (tstamp 61A8BA07)
    (at 420.335001 52.555001)
    (descr "Capacitor SMD 0603 (1608 Metric), square (rectangular) end terminal, IPC_7351 nominal, (Body size source: IPC-SM-782 page 76, https://www.pcb-3d.com/wordpress/wp-content/uploads/ipc-sm-782a_amendment_1_and_2.pdf), generated with kicad-footprint-generator")
    (tags capacitor)
    (path /615FC266/6161186E)
    (attr smd)
