(kicad_pcb (version 20171130) (host pcbnew "(5.1.10)-1")

  (general
    (thickness 1.6)
    (drawings 25)
    (tracks 0)
    (zones 0)
    (modules 77)
    (nets 152)
  )

  (page A4)
  (layers
    (0 F.Cu signal)
    (1 In1.Cu power)
    (2 In2.Cu power)
    (31 B.Cu signal)
    (32 B.Adhes user)
    (33 F.Adhes user)
    (34 B.Paste user)
    (35 F.Paste user)
    (36 B.SilkS user)
    (37 F.SilkS user)
    (38 B.Mask user)
    (39 F.Mask user)
    (40 Dwgs.User user hide)
    (41 Cmts.User user)
    (42 Eco1.User user hide)
    (43 Eco2.User user hide)
    (44 Edge.Cuts user)
    (45 Margin user)
    (46 B.CrtYd user)
    (47 F.CrtYd user)
    (48 B.Fab user)
    (49 F.Fab user)
  )

  (setup
    (last_trace_width 0.2)
    (trace_clearance 0.15)
    (zone_clearance 0.508)
    (zone_45_only no)
    (trace_min 0.2)
    (via_size 0.8)
    (via_drill 0.4)
    (via_min_size 0.4)
    (via_min_drill 0.3)
    (uvia_size 0.3)
    (uvia_drill 0.1)
    (uvias_allowed no)
    (uvia_min_size 0.2)
    (uvia_min_drill 0.1)
    (edge_width 0.05)
    (segment_width 0.2)
    (pcb_text_width 0.3)
    (pcb_text_size 1.5 1.5)
    (mod_edge_width 0.12)
    (mod_text_size 1 1)
    (mod_text_width 0.15)
    (pad_size 1.524 1.524)
    (pad_drill 0.762)
    (pad_to_mask_clearance 0)
    (aux_axis_origin 0 0)
    (grid_origin 80 144.975)
    (visible_elements 7FFFFF7F)
    (pcbplotparams
      (layerselection 0x010fc_ffffffff)
      (usegerberextensions false)
      (usegerberattributes true)
      (usegerberadvancedattributes true)
      (creategerberjobfile true)
      (excludeedgelayer true)
      (linewidth 0.100000)
      (plotframeref false)
      (viasonmask false)
      (mode 1)
      (useauxorigin false)
      (hpglpennumber 1)
      (hpglpenspeed 20)
      (hpglpendiameter 15.000000)
      (psnegative false)
      (psa4output false)
      (plotreference true)
      (plotvalue true)
      (plotinvisibletext false)
      (padsonsilk false)
      (subtractmaskfromsilk false)
      (outputformat 1)
      (mirror false)
      (drillshape 1)
      (scaleselection 1)
      (outputdirectory ""))
  )

  (net 0 "")
  (net 1 +5V)
  (net 2 GND)
  (net 3 +3V3)
  (net 4 /MAX-8Q/GPS_VCC_RF)
  (net 5 "Net-(C15-Pad1)")
  (net 6 "Net-(C16-Pad1)")
  (net 7 "Net-(C20-Pad2)")
  (net 8 "Net-(C21-Pad2)")
  (net 9 "Net-(C22-Pad2)")
  (net 10 /NRST)
  (net 11 "Net-(D1-Pad2)")
  (net 12 "Net-(D2-Pad2)")
  (net 13 "Net-(D3-Pad2)")
  (net 14 "Net-(FB1-Pad2)")
  (net 15 "Net-(J1-Pad6)")
  (net 16 "/USB Connector and ESD/USB_CONN_D-")
  (net 17 "/USB Connector and ESD/USB_CONN_D+")
  (net 18 "Net-(J1-Pad4)")
  (net 19 /MAX-8Q/GPS_ANT_NET)
  (net 20 /SPI2_MISO)
  (net 21 /SWDIO)
  (net 22 /EXT_SCL)
  (net 23 /I2C_ALERT)
  (net 24 "/Main Bus/Fire")
  (net 25 "Net-(J3-Pad8)")
  (net 26 "Net-(J3-Pad9)")
  (net 27 "Net-(J3-Pad10)")
  (net 28 "Net-(J3-Pad11)")
  (net 29 "Net-(J3-Pad12)")
  (net 30 "Net-(J3-Pad13)")
  (net 31 "Net-(J3-Pad14)")
  (net 32 "Net-(J3-Pad15)")
  (net 33 "Net-(J3-Pad16)")
  (net 34 "Net-(J3-Pad17)")
  (net 35 /SPI2_MOSI)
  (net 36 /SWCLK)
  (net 37 /EXT_SDA)
  (net 38 "/Main Bus/Fire_redundant")
  (net 39 "Net-(J3-Pad27)")
  (net 40 "Net-(J3-Pad28)")
  (net 41 "Net-(J3-Pad29)")
  (net 42 "Net-(J3-Pad30)")
  (net 43 "Net-(J3-Pad31)")
  (net 44 "Net-(J3-Pad32)")
  (net 45 "Net-(J3-Pad33)")
  (net 46 "Net-(J3-Pad34)")
  (net 47 "Net-(J3-Pad35)")
  (net 48 "Net-(J3-Pad36)")
  (net 49 "Net-(L1-Pad1)")
  (net 50 "Net-(Q1-Pad2)")
  (net 51 /MAX-8Q/GPS_LNA_EN)
  (net 52 "Net-(Q1-Pad6)")
  (net 53 "Net-(R1-Pad1)")
  (net 54 /I2C1_SCL)
  (net 55 /I2C1_SDA)
  (net 56 /BNO055/~BNO055_RESET)
  (net 57 /BNO055/~BNO055_BTL)
  (net 58 /KX134-1211/KX134_INT1)
  (net 59 /KX134-1211/KX134_INT2)
  (net 60 /USART1_TX)
  (net 61 /USART1_RX)
  (net 62 /SPI1_SCK)
  (net 63 /SPI1_MISO)
  (net 64 /SPI1_MOSI)
  (net 65 /USB_DP)
  (net 66 /USB_DM)
  (net 67 /MCP9808/ALERT)
  (net 68 "Net-(U4-Pad4)")
  (net 69 /MAX-8Q/~RESET)
  (net 70 "Net-(U4-Pad15)")
  (net 71 "Net-(U4-Pad18)")
  (net 72 /SPI2_SCK)
  (net 73 "Net-(U8-Pad1)")
  (net 74 "Net-(U8-Pad24)")
  (net 75 "Net-(U8-Pad23)")
  (net 76 "Net-(U8-Pad22)")
  (net 77 "Net-(U8-Pad21)")
  (net 78 "Net-(U8-Pad7)")
  (net 79 "Net-(U8-Pad8)")
  (net 80 /BNO055/BNO055_BTL_IND)
  (net 81 "Net-(U8-Pad12)")
  (net 82 "Net-(U8-Pad13)")
  (net 83 /BNO055/BNO055_INT)
  (net 84 "Net-(IC1-Pad1)")
  (net 85 "Net-(IC1-Pad2)")
  (net 86 "Net-(IC1-Pad3)")
  (net 87 "Net-(IC1-Pad4)")
  (net 88 "Net-(IC1-Pad5)")
  (net 89 "Net-(IC1-Pad6)")
  (net 90 "Net-(IC1-Pad7)")
  (net 91 "Net-(IC1-Pad8)")
  (net 92 "Net-(IC1-Pad9)")
  (net 93 "Net-(IC1-Pad15)")
  (net 94 "Net-(IC1-Pad16)")
  (net 95 "Net-(IC1-Pad17)")
  (net 96 "Net-(IC1-Pad18)")
  (net 97 "Net-(IC1-Pad19)")
  (net 98 "Net-(IC1-Pad20)")
  (net 99 "Net-(IC1-Pad21)")
  (net 100 "Net-(IC1-Pad22)")
  (net 101 "Net-(IC1-Pad23)")
  (net 102 "Net-(IC1-Pad24)")
  (net 103 "Net-(IC1-Pad25)")
  (net 104 "Net-(IC1-Pad28)")
  (net 105 "Net-(IC1-Pad33)")
  (net 106 "Net-(IC1-Pad34)")
  (net 107 "Net-(IC1-Pad35)")
  (net 108 "Net-(IC1-Pad36)")
  (net 109 "Net-(IC1-Pad37)")
  (net 110 "Net-(IC1-Pad38)")
  (net 111 "Net-(IC1-Pad39)")
  (net 112 "Net-(IC1-Pad40)")
  (net 113 "Net-(IC1-Pad41)")
  (net 114 "Net-(IC1-Pad42)")
  (net 115 "Net-(IC1-Pad43)")
  (net 116 "Net-(IC1-Pad46)")
  (net 117 "Net-(IC1-Pad47)")
  (net 118 "Net-(IC1-Pad50)")
  (net 119 "Net-(IC1-Pad55)")
  (net 120 "Net-(IC1-Pad56)")
  (net 121 "Net-(IC1-Pad57)")
  (net 122 "Net-(IC1-Pad58)")
  (net 123 "Net-(IC1-Pad59)")
  (net 124 "Net-(IC1-Pad60)")
  (net 125 "Net-(IC1-Pad61)")
  (net 126 "Net-(IC1-Pad62)")
  (net 127 "Net-(IC1-Pad63)")
  (net 128 "Net-(IC1-Pad64)")
  (net 129 "Net-(IC1-Pad65)")
  (net 130 "Net-(IC1-Pad66)")
  (net 131 "Net-(IC1-Pad67)")
  (net 132 "Net-(IC1-Pad77)")
  (net 133 "Net-(IC1-Pad78)")
  (net 134 "Net-(IC1-Pad79)")
  (net 135 "Net-(IC1-Pad80)")
  (net 136 "Net-(IC1-Pad81)")
  (net 137 "Net-(IC1-Pad82)")
  (net 138 "Net-(IC1-Pad83)")
  (net 139 "Net-(IC1-Pad84)")
  (net 140 "Net-(IC1-Pad85)")
  (net 141 "Net-(IC1-Pad86)")
  (net 142 "Net-(IC1-Pad87)")
  (net 143 "Net-(IC1-Pad88)")
  (net 144 "Net-(IC1-Pad89)")
  (net 145 "Net-(IC1-Pad90)")
  (net 146 "Net-(IC1-Pad91)")
  (net 147 "Net-(IC1-Pad92)")
  (net 148 "Net-(IC1-Pad93)")
  (net 149 "Net-(IC1-Pad94)")
  (net 150 "Net-(IC1-Pad97)")
  (net 151 "Net-(IC1-Pad99)")

  (net_class Default "This is the default net class."
    (clearance 0.15)
    (trace_width 0.2)
    (via_dia 0.8)
    (via_drill 0.4)
    (uvia_dia 0.3)
    (uvia_drill 0.1)
    (add_net +3V3)
    (add_net +5V)
    (add_net /BNO055/BNO055_BTL_IND)
    (add_net /BNO055/BNO055_INT)
    (add_net /BNO055/~BNO055_BTL)
    (add_net /BNO055/~BNO055_RESET)
    (add_net /EXT_SCL)
    (add_net /EXT_SDA)
    (add_net /I2C1_SCL)
    (add_net /I2C1_SDA)
    (add_net /I2C_ALERT)
    (add_net /KX134-1211/KX134_INT1)
    (add_net /KX134-1211/KX134_INT2)
    (add_net /MAX-8Q/GPS_ANT_NET)
    (add_net /MAX-8Q/GPS_LNA_EN)
    (add_net /MAX-8Q/GPS_VCC_RF)
    (add_net /MAX-8Q/~RESET)
    (add_net /MCP9808/ALERT)
    (add_net "/Main Bus/Fire")
    (add_net "/Main Bus/Fire_redundant")
    (add_net /NRST)
    (add_net /SPI1_MISO)
    (add_net /SPI1_MOSI)
    (add_net /SPI1_SCK)
    (add_net /SPI2_MISO)
    (add_net /SPI2_MOSI)
    (add_net /SPI2_SCK)
    (add_net /SWCLK)
    (add_net /SWDIO)
    (add_net /USART1_RX)
    (add_net /USART1_TX)
    (add_net "/USB Connector and ESD/USB_CONN_D+")
    (add_net "/USB Connector and ESD/USB_CONN_D-")
    (add_net /USB_DM)
    (add_net /USB_DP)
    (add_net GND)
    (add_net "Net-(C15-Pad1)")
    (add_net "Net-(C16-Pad1)")
    (add_net "Net-(C20-Pad2)")
    (add_net "Net-(C21-Pad2)")
    (add_net "Net-(C22-Pad2)")
    (add_net "Net-(D1-Pad2)")
    (add_net "Net-(D2-Pad2)")
    (add_net "Net-(D3-Pad2)")
    (add_net "Net-(FB1-Pad2)")
    (add_net "Net-(IC1-Pad1)")
    (add_net "Net-(IC1-Pad15)")
    (add_net "Net-(IC1-Pad16)")
    (add_net "Net-(IC1-Pad17)")
    (add_net "Net-(IC1-Pad18)")
    (add_net "Net-(IC1-Pad19)")
    (add_net "Net-(IC1-Pad2)")
    (add_net "Net-(IC1-Pad20)")
    (add_net "Net-(IC1-Pad21)")
    (add_net "Net-(IC1-Pad22)")
    (add_net "Net-(IC1-Pad23)")
    (add_net "Net-(IC1-Pad24)")
    (add_net "Net-(IC1-Pad25)")
    (add_net "Net-(IC1-Pad28)")
    (add_net "Net-(IC1-Pad3)")
    (add_net "Net-(IC1-Pad33)")
    (add_net "Net-(IC1-Pad34)")
    (add_net "Net-(IC1-Pad35)")
    (add_net "Net-(IC1-Pad36)")
    (add_net "Net-(IC1-Pad37)")
    (add_net "Net-(IC1-Pad38)")
    (add_net "Net-(IC1-Pad39)")
    (add_net "Net-(IC1-Pad4)")
    (add_net "Net-(IC1-Pad40)")
    (add_net "Net-(IC1-Pad41)")
    (add_net "Net-(IC1-Pad42)")
    (add_net "Net-(IC1-Pad43)")
    (add_net "Net-(IC1-Pad46)")
    (add_net "Net-(IC1-Pad47)")
    (add_net "Net-(IC1-Pad5)")
    (add_net "Net-(IC1-Pad50)")
    (add_net "Net-(IC1-Pad55)")
    (add_net "Net-(IC1-Pad56)")
    (add_net "Net-(IC1-Pad57)")
    (add_net "Net-(IC1-Pad58)")
    (add_net "Net-(IC1-Pad59)")
    (add_net "Net-(IC1-Pad6)")
    (add_net "Net-(IC1-Pad60)")
    (add_net "Net-(IC1-Pad61)")
    (add_net "Net-(IC1-Pad62)")
    (add_net "Net-(IC1-Pad63)")
    (add_net "Net-(IC1-Pad64)")
    (add_net "Net-(IC1-Pad65)")
    (add_net "Net-(IC1-Pad66)")
    (add_net "Net-(IC1-Pad67)")
    (add_net "Net-(IC1-Pad7)")
    (add_net "Net-(IC1-Pad77)")
    (add_net "Net-(IC1-Pad78)")
    (add_net "Net-(IC1-Pad79)")
    (add_net "Net-(IC1-Pad8)")
    (add_net "Net-(IC1-Pad80)")
    (add_net "Net-(IC1-Pad81)")
    (add_net "Net-(IC1-Pad82)")
    (add_net "Net-(IC1-Pad83)")
    (add_net "Net-(IC1-Pad84)")
    (add_net "Net-(IC1-Pad85)")
    (add_net "Net-(IC1-Pad86)")
    (add_net "Net-(IC1-Pad87)")
    (add_net "Net-(IC1-Pad88)")
    (add_net "Net-(IC1-Pad89)")
    (add_net "Net-(IC1-Pad9)")
    (add_net "Net-(IC1-Pad90)")
    (add_net "Net-(IC1-Pad91)")
    (add_net "Net-(IC1-Pad92)")
    (add_net "Net-(IC1-Pad93)")
    (add_net "Net-(IC1-Pad94)")
    (add_net "Net-(IC1-Pad97)")
    (add_net "Net-(IC1-Pad99)")
    (add_net "Net-(J1-Pad4)")
    (add_net "Net-(J1-Pad6)")
    (add_net "Net-(J3-Pad10)")
    (add_net "Net-(J3-Pad11)")
    (add_net "Net-(J3-Pad12)")
    (add_net "Net-(J3-Pad13)")
    (add_net "Net-(J3-Pad14)")
    (add_net "Net-(J3-Pad15)")
    (add_net "Net-(J3-Pad16)")
    (add_net "Net-(J3-Pad17)")
    (add_net "Net-(J3-Pad27)")
    (add_net "Net-(J3-Pad28)")
    (add_net "Net-(J3-Pad29)")
    (add_net "Net-(J3-Pad30)")
    (add_net "Net-(J3-Pad31)")
    (add_net "Net-(J3-Pad32)")
    (add_net "Net-(J3-Pad33)")
    (add_net "Net-(J3-Pad34)")
    (add_net "Net-(J3-Pad35)")
    (add_net "Net-(J3-Pad36)")
    (add_net "Net-(J3-Pad8)")
    (add_net "Net-(J3-Pad9)")
    (add_net "Net-(L1-Pad1)")
    (add_net "Net-(Q1-Pad2)")
    (add_net "Net-(Q1-Pad6)")
    (add_net "Net-(R1-Pad1)")
    (add_net "Net-(U4-Pad15)")
    (add_net "Net-(U4-Pad18)")
    (add_net "Net-(U4-Pad4)")
    (add_net "Net-(U8-Pad1)")
    (add_net "Net-(U8-Pad12)")
    (add_net "Net-(U8-Pad13)")
    (add_net "Net-(U8-Pad21)")
    (add_net "Net-(U8-Pad22)")
    (add_net "Net-(U8-Pad23)")
    (add_net "Net-(U8-Pad24)")
    (add_net "Net-(U8-Pad7)")
    (add_net "Net-(U8-Pad8)")
  )

  (module SC-89:SC-89 (layer F.Cu) (tedit 0) (tstamp 61A9CBD7)
    (at 131.25 128.725)
    (path /615A5F2C/616192EF)
    (fp_text reference Q1 (at 0 -1.75) (layer F.SilkS)
      (effects (font (size 1 1) (thickness 0.15)))
    )
    (fp_text value SI1040X-T1-GE3 (at 0 1.75) (layer F.SilkS) hide
      (effects (font (size 1 1) (thickness 0.15)))
    )
    (fp_line (start -0.7493 0.9779) (end 0.7493 0.9779) (layer F.SilkS) (width 0.12))
    (fp_line (start 0.7493 -0.9779) (end -0.7493 -0.9779) (layer F.SilkS) (width 0.12))
    (fp_line (start -0.6223 0.8509) (end 0.6223 0.8509) (layer F.Fab) (width 0.1))
    (fp_line (start 0.6223 0.8509) (end 0.6223 -0.8509) (layer F.Fab) (width 0.1))
    (fp_line (start 0.6223 -0.8509) (end -0.6223 -0.8509) (layer F.Fab) (width 0.1))
    (fp_line (start -0.6223 -0.8509) (end -0.6223 0.8509) (layer F.Fab) (width 0.1))
    (fp_line (start -1.4097 0.881) (end -1.4097 -0.881) (layer F.CrtYd) (width 0.05))
    (fp_line (start -1.4097 -0.881) (end -0.8763 -0.881) (layer F.CrtYd) (width 0.05))
    (fp_line (start -0.8763 -0.881) (end -0.8763 -1.1049) (layer F.CrtYd) (width 0.05))
    (fp_line (start -0.8763 -1.1049) (end 0.8763 -1.1049) (layer F.CrtYd) (width 0.05))
    (fp_line (start 0.8763 -1.1049) (end 0.8763 -0.881) (layer F.CrtYd) (width 0.05))
    (fp_line (start 0.8763 -0.881) (end 1.4097 -0.881) (layer F.CrtYd) (width 0.05))
    (fp_line (start 1.4097 -0.881) (end 1.4097 0.881) (layer F.CrtYd) (width 0.05))
    (fp_line (start 1.4097 0.881) (end 0.8763 0.881) (layer F.CrtYd) (width 0.05))
    (fp_line (start 0.8763 0.881) (end 0.8763 1.1049) (layer F.CrtYd) (width 0.05))
    (fp_line (start 0.8763 1.1049) (end -0.8763 1.1049) (layer F.CrtYd) (width 0.05))
    (fp_line (start -0.8763 1.1049) (end -0.8763 0.881) (layer F.CrtYd) (width 0.05))
    (fp_line (start -0.8763 0.881) (end -1.4097 0.881) (layer F.CrtYd) (width 0.05))
    (fp_circle (center -1.5073 -0.5) (end -1.4311 -0.5) (layer F.CrtYd) (width 0.05))
    (fp_circle (center -0.3429 -0.5) (end -0.2667 -0.5) (layer F.Fab) (width 0.1))
    (fp_text user * (at 0 0) (layer F.SilkS) hide
      (effects (font (size 1 1) (thickness 0.15)))
    )
    (fp_text user * (at 0 0) (layer F.Fab) hide
      (effects (font (size 1 1) (thickness 0.15)))
    )
    (fp_text user 0.02in/0.5mm (at -3.7973 -0.25) (layer Dwgs.User) hide
      (effects (font (size 1 1) (thickness 0.15)))
    )
    (fp_text user 0.01in/0.254mm (at 3.7973 -0.5) (layer Dwgs.User) hide
      (effects (font (size 1 1) (thickness 0.15)))
    )
    (fp_text user 0.059in/1.499mm (at 0 -3.2639) (layer Dwgs.User) hide
      (effects (font (size 1 1) (thickness 0.15)))
    )
    (fp_text user 0.032in/0.813mm (at -0.7493 2.6289) (layer Dwgs.User) hide
      (effects (font (size 1 1) (thickness 0.15)))
    )
    (fp_arc (start 0 -0.8509) (end -0.103717 -0.8509) (angle -180) (layer F.CrtYd) (width 0.05))
    (fp_arc (start -1.5073 -0.5) (end -1.48844 -0.573829) (angle -208.660095) (layer F.SilkS) (width 0.12))
    (fp_arc (start 0 -0.8509) (end -0.3048 -0.8509) (angle -180) (layer F.Fab) (width 0.1))
    (pad 1 smd rect (at -0.7493 -0.499999) (size 0.8128 0.254) (layers F.Cu F.Paste F.Mask)
      (net 2 GND))
    (pad 2 smd rect (at -0.7493 0) (size 0.8128 0.254) (layers F.Cu F.Paste F.Mask)
      (net 50 "Net-(Q1-Pad2)"))
    (pad 3 smd rect (at -0.7493 0.499999) (size 0.8128 0.254) (layers F.Cu F.Paste F.Mask)
      (net 50 "Net-(Q1-Pad2)"))
    (pad 4 smd rect (at 0.7493 0.499999) (size 0.8128 0.254) (layers F.Cu F.Paste F.Mask)
      (net 4 /MAX-8Q/GPS_VCC_RF))
    (pad 5 smd rect (at 0.7493 0) (size 0.8128 0.254) (layers F.Cu F.Paste F.Mask)
      (net 51 /MAX-8Q/GPS_LNA_EN))
    (pad 6 smd rect (at 0.7493 -0.499999) (size 0.8128 0.254) (layers F.Cu F.Paste F.Mask)
      (net 52 "Net-(Q1-Pad6)"))
  )

  (module XYZ:XYZ_Plane (layer F.Cu) (tedit 0) (tstamp 61A9AECB)
    (at 137.75 101.475)
    (fp_text reference G*** (at 0 0) (layer F.SilkS) hide
      (effects (font (size 1.524 1.524) (thickness 0.3)))
    )
    (fp_text value LOGO (at 0.75 0) (layer F.SilkS) hide
      (effects (font (size 1.524 1.524) (thickness 0.3)))
    )
    (fp_poly (pts (xy 1.879071 -1.640461) (xy 1.912311 -1.571757) (xy 1.9366 -1.519079) (xy 1.947205 -1.492735)
      (xy 1.947334 -1.491849) (xy 1.92953 -1.483563) (xy 1.905 -1.481666) (xy 1.897248 -1.481023)
      (xy 1.890505 -1.477255) (xy 1.884701 -1.4676) (xy 1.879765 -1.449301) (xy 1.875628 -1.419596)
      (xy 1.872218 -1.375726) (xy 1.869466 -1.314933) (xy 1.867301 -1.234455) (xy 1.865652 -1.131533)
      (xy 1.86445 -1.003407) (xy 1.863623 -0.847319) (xy 1.863102 -0.660507) (xy 1.862816 -0.440212)
      (xy 1.862694 -0.183675) (xy 1.862667 0.111864) (xy 1.862667 0.178186) (xy 1.862506 0.440122)
      (xy 1.862042 0.690179) (xy 1.861298 0.925071) (xy 1.8603 1.141511) (xy 1.859072 1.336212)
      (xy 1.85764 1.505888) (xy 1.856028 1.647251) (xy 1.854262 1.757016) (xy 1.852366 1.831894)
      (xy 1.850365 1.868601) (xy 1.849819 1.871519) (xy 1.844353 1.877694) (xy 1.831201 1.883069)
      (xy 1.807635 1.887698) (xy 1.77093 1.891635) (xy 1.718362 1.894936) (xy 1.647204 1.897655)
      (xy 1.554732 1.899846) (xy 1.438218 1.901564) (xy 1.294939 1.902864) (xy 1.122168 1.9038)
      (xy 0.917181 1.904426) (xy 0.67725 1.904798) (xy 0.399652 1.90497) (xy 0.177652 1.905)
      (xy -0.126255 1.905017) (xy -0.39059 1.905113) (xy -0.618112 1.905359) (xy -0.81158 1.905826)
      (xy -0.973756 1.906584) (xy -1.1074 1.907703) (xy -1.215271 1.909255) (xy -1.30013 1.911308)
      (xy -1.364737 1.913934) (xy -1.411852 1.917204) (xy -1.444235 1.921187) (xy -1.464647 1.925953)
      (xy -1.475848 1.931575) (xy -1.480597 1.938121) (xy -1.481655 1.945662) (xy -1.481666 1.947334)
      (xy -1.483661 1.973384) (xy -1.49449 1.98451) (xy -1.521422 1.979475) (xy -1.571724 1.95704)
      (xy -1.646153 1.919319) (xy -1.77889 1.851025) (xy -1.640461 1.782763) (xy -1.571757 1.749523)
      (xy -1.519079 1.725233) (xy -1.492735 1.714628) (xy -1.491849 1.7145) (xy -1.483563 1.732304)
      (xy -1.481666 1.756834) (xy -1.481003 1.764764) (xy -1.477127 1.771636) (xy -1.467211 1.777526)
      (xy -1.448428 1.78251) (xy -1.417949 1.786663) (xy -1.372948 1.790062) (xy -1.310597 1.792781)
      (xy -1.228067 1.794896) (xy -1.122532 1.796484) (xy -0.991164 1.79762) (xy -0.831135 1.798379)
      (xy -0.639617 1.798838) (xy -0.413784 1.799071) (xy -0.150807 1.799156) (xy 0.099402 1.799167)
      (xy 1.680471 1.799167) (xy 1.608478 1.724889) (xy 1.566549 1.679325) (xy 1.551247 1.651465)
      (xy 1.55874 1.62961) (xy 1.572381 1.614714) (xy 1.596199 1.595517) (xy 1.619087 1.596842)
      (xy 1.652743 1.622522) (xy 1.682555 1.650811) (xy 1.756834 1.722805) (xy 1.756834 0.120569)
      (xy 1.756816 -0.177715) (xy 1.756714 -0.436475) (xy 1.756454 -0.658519) (xy 1.755962 -0.846657)
      (xy 1.755162 -1.003696) (xy 1.753981 -1.132447) (xy 1.752345 -1.235718) (xy 1.75018 -1.316317)
      (xy 1.74741 -1.377054) (xy 1.743963 -1.420738) (xy 1.739764 -1.450177) (xy 1.734738 -1.468181)
      (xy 1.728811 -1.477557) (xy 1.72191 -1.481116) (xy 1.7145 -1.481666) (xy 1.68845 -1.483661)
      (xy 1.677324 -1.49449) (xy 1.682359 -1.521422) (xy 1.704794 -1.571724) (xy 1.742515 -1.646153)
      (xy 1.810809 -1.77889) (xy 1.879071 -1.640461)) (layer F.SilkS) (width 0.01))
    (fp_poly (pts (xy 1.361715 1.331555) (xy 1.409959 1.377973) (xy 1.425333 1.393531) (xy 1.477696 1.447998)
      (xy 1.503892 1.481789) (xy 1.507944 1.503907) (xy 1.493872 1.523354) (xy 1.486421 1.530281)
      (xy 1.463749 1.546958) (xy 1.441695 1.546968) (xy 1.411118 1.525945) (xy 1.362875 1.479527)
      (xy 1.3475 1.463969) (xy 1.295138 1.409502) (xy 1.268941 1.375711) (xy 1.26489 1.353593)
      (xy 1.278962 1.334147) (xy 1.286413 1.327219) (xy 1.309085 1.310542) (xy 1.331138 1.310533)
      (xy 1.361715 1.331555)) (layer F.SilkS) (width 0.01))
    (fp_poly (pts (xy -1.086978 1.105116) (xy -1.0795 1.111045) (xy -1.090632 1.132158) (xy -1.120182 1.17896)
      (xy -1.16238 1.242394) (xy -1.17475 1.260549) (xy -1.219938 1.331284) (xy -1.253526 1.392874)
      (xy -1.269462 1.433985) (xy -1.27 1.43894) (xy -1.28155 1.506327) (xy -1.314524 1.541175)
      (xy -1.336168 1.545167) (xy -1.363941 1.537655) (xy -1.367689 1.507313) (xy -1.363885 1.486959)
      (xy -1.351835 1.435123) (xy -1.343693 1.404151) (xy -1.345689 1.372429) (xy -1.35819 1.313627)
      (xy -1.377049 1.245401) (xy -1.397751 1.17666) (xy -1.412488 1.126467) (xy -1.418005 1.105959)
      (xy -1.400381 1.10161) (xy -1.377063 1.100667) (xy -1.347226 1.112395) (xy -1.323322 1.152916)
      (xy -1.307736 1.200599) (xy -1.279511 1.300532) (xy -1.220946 1.200599) (xy -1.172366 1.132048)
      (xy -1.130133 1.101923) (xy -1.120941 1.100667) (xy -1.086978 1.105116)) (layer F.SilkS) (width 0.01))
    (fp_poly (pts (xy 1.074664 1.045867) (xy 1.123416 1.092257) (xy 1.136345 1.105153) (xy 1.188927 1.160291)
      (xy 1.214338 1.195984) (xy 1.217188 1.220755) (xy 1.207598 1.236927) (xy 1.185153 1.260163)
      (xy 1.163753 1.265214) (xy 1.134786 1.248491) (xy 1.089642 1.206405) (xy 1.05827 1.174685)
      (xy 1.008147 1.122023) (xy 0.984234 1.089328) (xy 0.982392 1.067049) (xy 0.998485 1.045636)
      (xy 1.001185 1.042911) (xy 1.022713 1.025414) (xy 1.044151 1.024993) (xy 1.074664 1.045867)) (layer F.SilkS) (width 0.01))
    (fp_poly (pts (xy 0.790215 0.760055) (xy 0.838459 0.806473) (xy 0.853833 0.822031) (xy 0.906196 0.876498)
      (xy 0.932392 0.910289) (xy 0.936444 0.932407) (xy 0.922372 0.951854) (xy 0.914921 0.958781)
      (xy 0.892249 0.975458) (xy 0.870195 0.975468) (xy 0.839618 0.954445) (xy 0.791375 0.908027)
      (xy 0.776 0.892469) (xy 0.723638 0.838002) (xy 0.697441 0.804211) (xy 0.69339 0.782093)
      (xy 0.707462 0.762647) (xy 0.714913 0.755719) (xy 0.737585 0.739042) (xy 0.759638 0.739033)
      (xy 0.790215 0.760055)) (layer F.SilkS) (width 0.01))
    (fp_poly (pts (xy 0.503164 0.474367) (xy 0.551916 0.520757) (xy 0.564845 0.533653) (xy 0.617427 0.588791)
      (xy 0.642838 0.624484) (xy 0.645688 0.649255) (xy 0.636098 0.665427) (xy 0.613653 0.688663)
      (xy 0.592253 0.693714) (xy 0.563286 0.676991) (xy 0.518142 0.634905) (xy 0.48677 0.603185)
      (xy 0.436647 0.550523) (xy 0.412734 0.517828) (xy 0.410892 0.495549) (xy 0.426985 0.474136)
      (xy 0.429685 0.471411) (xy 0.451213 0.453914) (xy 0.472651 0.453493) (xy 0.503164 0.474367)) (layer F.SilkS) (width 0.01))
    (fp_poly (pts (xy 0.218715 0.188555) (xy 0.266959 0.234973) (xy 0.282333 0.250531) (xy 0.334696 0.304998)
      (xy 0.360892 0.338789) (xy 0.364944 0.360907) (xy 0.350872 0.380354) (xy 0.343421 0.387281)
      (xy 0.320749 0.403958) (xy 0.298695 0.403968) (xy 0.268118 0.382945) (xy 0.219875 0.336527)
      (xy 0.2045 0.320969) (xy 0.152138 0.266502) (xy 0.125941 0.232711) (xy 0.12189 0.210593)
      (xy 0.135962 0.191147) (xy 0.143413 0.184219) (xy 0.166085 0.167542) (xy 0.188138 0.167533)
      (xy 0.218715 0.188555)) (layer F.SilkS) (width 0.01))
    (fp_poly (pts (xy -0.182505 -0.159339) (xy -0.13016 -0.144884) (xy -0.057118 -0.121869) (xy 0.027076 -0.09325)
      (xy 0.082256 -0.073413) (xy 0.099403 -0.059638) (xy 0.085428 -0.033994) (xy 0.077254 -0.02467)
      (xy 0.055446 0.010296) (xy 0.067525 0.037886) (xy 0.068174 0.03854) (xy 0.080677 0.065622)
      (xy 0.058703 0.098528) (xy 0.057453 0.099786) (xy 0.024142 0.122861) (xy -0.002907 0.111382)
      (xy -0.003793 0.110507) (xy -0.031388 0.097686) (xy -0.066022 0.118704) (xy -0.067003 0.119587)
      (xy -0.097329 0.14126) (xy -0.112858 0.13151) (xy -0.115746 0.12459) (xy -0.146397 0.038266)
      (xy -0.17333 -0.042995) (xy -0.19359 -0.109652) (xy -0.20422 -0.15216) (xy -0.204611 -0.162278)
      (xy -0.182505 -0.159339)) (layer F.SilkS) (width 0.01))
    (fp_poly (pts (xy 0.618281 -0.24953) (xy 0.65208 -0.238144) (xy 0.656167 -0.23157) (xy 0.644106 -0.204252)
      (xy 0.612612 -0.154967) (xy 0.572164 -0.099278) (xy 0.488161 0.010584) (xy 0.550997 0.017216)
      (xy 0.600958 0.02766) (xy 0.613067 0.041438) (xy 0.591145 0.054437) (xy 0.539013 0.062543)
      (xy 0.508 0.0635) (xy 0.447615 0.06088) (xy 0.409297 0.054182) (xy 0.402167 0.048942)
      (xy 0.414359 0.026369) (xy 0.446534 -0.019758) (xy 0.492096 -0.080045) (xy 0.498821 -0.088641)
      (xy 0.595476 -0.211666) (xy 0.530571 -0.211666) (xy 0.485382 -0.217675) (xy 0.465696 -0.232197)
      (xy 0.465667 -0.232833) (xy 0.484585 -0.245456) (xy 0.532451 -0.253029) (xy 0.560917 -0.254)
      (xy 0.618281 -0.24953)) (layer F.SilkS) (width 0.01))
    (fp_poly (pts (xy 0.38223 -0.078934) (xy 0.392001 -0.064226) (xy 0.391584 -0.0635) (xy 0.362407 -0.047115)
      (xy 0.326834 -0.042333) (xy 0.287657 -0.049738) (xy 0.275167 -0.0635) (xy 0.293588 -0.07825)
      (xy 0.338093 -0.084658) (xy 0.339916 -0.084666) (xy 0.38223 -0.078934)) (layer F.SilkS) (width 0.01))
    (fp_poly (pts (xy 1.198404 -1.887525) (xy 1.21703 -1.841743) (xy 1.234518 -1.786743) (xy 1.257452 -1.771027)
      (xy 1.290831 -1.794087) (xy 1.321639 -1.831123) (xy 1.364154 -1.876465) (xy 1.403954 -1.902545)
      (xy 1.431817 -1.904904) (xy 1.439334 -1.888003) (xy 1.427708 -1.862684) (xy 1.397855 -1.815922)
      (xy 1.371887 -1.779293) (xy 1.30444 -1.68758) (xy 1.340137 -1.587074) (xy 1.363813 -1.518497)
      (xy 1.372824 -1.480637) (xy 1.366819 -1.464369) (xy 1.345448 -1.460572) (xy 1.335264 -1.4605)
      (xy 1.301538 -1.476193) (xy 1.273064 -1.527021) (xy 1.265432 -1.548288) (xy 1.236169 -1.636077)
      (xy 1.166639 -1.548288) (xy 1.118111 -1.495823) (xy 1.07556 -1.465015) (xy 1.046249 -1.459769)
      (xy 1.037167 -1.478623) (xy 1.049112 -1.504125) (xy 1.07997 -1.55112) (xy 1.110914 -1.59333)
      (xy 1.151973 -1.648965) (xy 1.17086 -1.686581) (xy 1.171132 -1.721776) (xy 1.156349 -1.770149)
      (xy 1.153248 -1.778951) (xy 1.130639 -1.847401) (xy 1.124378 -1.88535) (xy 1.135111 -1.901611)
      (xy 1.162485 -1.905) (xy 1.198404 -1.887525)) (layer F.SilkS) (width 0.01))
  )

  (module Capacitor_SMD:C_0603_1608Metric (layer F.Cu) (tedit 5F68FEEE) (tstamp 61A847FA)
    (at 149.25 84.975)
    (descr "Capacitor SMD 0603 (1608 Metric), square (rectangular) end terminal, IPC_7351 nominal, (Body size source: IPC-SM-782 page 76, https://www.pcb-3d.com/wordpress/wp-content/uploads/ipc-sm-782a_amendment_1_and_2.pdf), generated with kicad-footprint-generator")
    (tags capacitor)
    (path /615EE01A/617B9DD7)
    (attr smd)
    (fp_text reference C1 (at 2.75 0) (layer F.SilkS)
      (effects (font (size 1 1) (thickness 0.15)))
    )
    (fp_text value 0.1uF (at 0 1.43) (layer F.Fab)
      (effects (font (size 1 1) (thickness 0.15)))
    )
    (fp_line (start -0.8 0.4) (end -0.8 -0.4) (layer F.Fab) (width 0.1))
    (fp_line (start -0.8 -0.4) (end 0.8 -0.4) (layer F.Fab) (width 0.1))
    (fp_line (start 0.8 -0.4) (end 0.8 0.4) (layer F.Fab) (width 0.1))
    (fp_line (start 0.8 0.4) (end -0.8 0.4) (layer F.Fab) (width 0.1))
    (fp_line (start -0.14058 -0.51) (end 0.14058 -0.51) (layer F.SilkS) (width 0.12))
    (fp_line (start -0.14058 0.51) (end 0.14058 0.51) (layer F.SilkS) (width 0.12))
    (fp_line (start -1.48 0.73) (end -1.48 -0.73) (layer F.CrtYd) (width 0.05))
    (fp_line (start -1.48 -0.73) (end 1.48 -0.73) (layer F.CrtYd) (width 0.05))
    (fp_line (start 1.48 -0.73) (end 1.48 0.73) (layer F.CrtYd) (width 0.05))
    (fp_line (start 1.48 0.73) (end -1.48 0.73) (layer F.CrtYd) (width 0.05))
    (fp_text user %R (at 0 0) (layer F.Fab)
      (effects (font (size 0.4 0.4) (thickness 0.06)))
    )
    (pad 1 smd roundrect (at -0.775 0) (size 0.9 0.95) (layers F.Cu F.Paste F.Mask) (roundrect_rratio 0.25)
      (net 1 +5V))
    (pad 2 smd roundrect (at 0.775 0) (size 0.9 0.95) (layers F.Cu F.Paste F.Mask) (roundrect_rratio 0.25)
      (net 2 GND))
    (model ${KISYS3DMOD}/Capacitor_SMD.3dshapes/C_0603_1608Metric.wrl
      (at (xyz 0 0 0))
      (scale (xyz 1 1 1))
      (rotate (xyz 0 0 0))
    )
  )

  (module Capacitor_SMD:C_0603_1608Metric (layer F.Cu) (tedit 5F68FEEE) (tstamp 61A8480B)
    (at 121.25 64.725)
    (descr "Capacitor SMD 0603 (1608 Metric), square (rectangular) end terminal, IPC_7351 nominal, (Body size source: IPC-SM-782 page 76, https://www.pcb-3d.com/wordpress/wp-content/uploads/ipc-sm-782a_amendment_1_and_2.pdf), generated with kicad-footprint-generator")
    (tags capacitor)
    (path /615EE01A/617B9DBE)
    (attr smd)
    (fp_text reference C2 (at -2.5 0) (layer F.SilkS)
      (effects (font (size 1 1) (thickness 0.15)))
    )
    (fp_text value 1uF (at 0 1.43) (layer F.Fab)
      (effects (font (size 1 1) (thickness 0.15)))
    )
    (fp_line (start 1.48 0.73) (end -1.48 0.73) (layer F.CrtYd) (width 0.05))
    (fp_line (start 1.48 -0.73) (end 1.48 0.73) (layer F.CrtYd) (width 0.05))
    (fp_line (start -1.48 -0.73) (end 1.48 -0.73) (layer F.CrtYd) (width 0.05))
    (fp_line (start -1.48 0.73) (end -1.48 -0.73) (layer F.CrtYd) (width 0.05))
    (fp_line (start -0.14058 0.51) (end 0.14058 0.51) (layer F.SilkS) (width 0.12))
    (fp_line (start -0.14058 -0.51) (end 0.14058 -0.51) (layer F.SilkS) (width 0.12))
    (fp_line (start 0.8 0.4) (end -0.8 0.4) (layer F.Fab) (width 0.1))
    (fp_line (start 0.8 -0.4) (end 0.8 0.4) (layer F.Fab) (width 0.1))
    (fp_line (start -0.8 -0.4) (end 0.8 -0.4) (layer F.Fab) (width 0.1))
    (fp_line (start -0.8 0.4) (end -0.8 -0.4) (layer F.Fab) (width 0.1))
    (fp_text user %R (at 0 0) (layer F.Fab)
      (effects (font (size 0.4 0.4) (thickness 0.06)))
    )
    (pad 2 smd roundrect (at 0.775 0) (size 0.9 0.95) (layers F.Cu F.Paste F.Mask) (roundrect_rratio 0.25)
      (net 2 GND))
    (pad 1 smd roundrect (at -0.775 0) (size 0.9 0.95) (layers F.Cu F.Paste F.Mask) (roundrect_rratio 0.25)
      (net 3 +3V3))
    (model ${KISYS3DMOD}/Capacitor_SMD.3dshapes/C_0603_1608Metric.wrl
      (at (xyz 0 0 0))
      (scale (xyz 1 1 1))
      (rotate (xyz 0 0 0))
    )
  )

  (module Capacitor_SMD:C_0603_1608Metric (layer F.Cu) (tedit 5F68FEEE) (tstamp 61A8481C)
    (at 132.25 95.975)
    (descr "Capacitor SMD 0603 (1608 Metric), square (rectangular) end terminal, IPC_7351 nominal, (Body size source: IPC-SM-782 page 76, https://www.pcb-3d.com/wordpress/wp-content/uploads/ipc-sm-782a_amendment_1_and_2.pdf), generated with kicad-footprint-generator")
    (tags capacitor)
    (path /615C1FB4/6160E331)
    (attr smd)
    (fp_text reference C3 (at -2.5 0) (layer F.SilkS)
      (effects (font (size 1 1) (thickness 0.15)))
    )
    (fp_text value 100nF (at 0 1.43) (layer F.Fab)
      (effects (font (size 1 1) (thickness 0.15)))
    )
    (fp_line (start 1.48 0.73) (end -1.48 0.73) (layer F.CrtYd) (width 0.05))
    (fp_line (start 1.48 -0.73) (end 1.48 0.73) (layer F.CrtYd) (width 0.05))
    (fp_line (start -1.48 -0.73) (end 1.48 -0.73) (layer F.CrtYd) (width 0.05))
    (fp_line (start -1.48 0.73) (end -1.48 -0.73) (layer F.CrtYd) (width 0.05))
    (fp_line (start -0.14058 0.51) (end 0.14058 0.51) (layer F.SilkS) (width 0.12))
    (fp_line (start -0.14058 -0.51) (end 0.14058 -0.51) (layer F.SilkS) (width 0.12))
    (fp_line (start 0.8 0.4) (end -0.8 0.4) (layer F.Fab) (width 0.1))
    (fp_line (start 0.8 -0.4) (end 0.8 0.4) (layer F.Fab) (width 0.1))
    (fp_line (start -0.8 -0.4) (end 0.8 -0.4) (layer F.Fab) (width 0.1))
    (fp_line (start -0.8 0.4) (end -0.8 -0.4) (layer F.Fab) (width 0.1))
    (fp_text user %R (at 0 0) (layer F.Fab)
      (effects (font (size 0.4 0.4) (thickness 0.06)))
    )
    (pad 2 smd roundrect (at 0.775 0) (size 0.9 0.95) (layers F.Cu F.Paste F.Mask) (roundrect_rratio 0.25)
      (net 2 GND))
    (pad 1 smd roundrect (at -0.775 0) (size 0.9 0.95) (layers F.Cu F.Paste F.Mask) (roundrect_rratio 0.25)
      (net 3 +3V3))
    (model ${KISYS3DMOD}/Capacitor_SMD.3dshapes/C_0603_1608Metric.wrl
      (at (xyz 0 0 0))
      (scale (xyz 1 1 1))
      (rotate (xyz 0 0 0))
    )
  )

  (module Capacitor_SMD:C_0603_1608Metric (layer F.Cu) (tedit 5F68FEEE) (tstamp 61A8482D)
    (at 153 125.225 270)
    (descr "Capacitor SMD 0603 (1608 Metric), square (rectangular) end terminal, IPC_7351 nominal, (Body size source: IPC-SM-782 page 76, https://www.pcb-3d.com/wordpress/wp-content/uploads/ipc-sm-782a_amendment_1_and_2.pdf), generated with kicad-footprint-generator")
    (tags capacitor)
    (path /615A5F2C/6161C99E)
    (attr smd)
    (fp_text reference C4 (at -2.5 0 90) (layer F.SilkS)
      (effects (font (size 1 1) (thickness 0.15)))
    )
    (fp_text value 1uF (at 0 1.43 90) (layer F.Fab)
      (effects (font (size 1 1) (thickness 0.15)))
    )
    (fp_line (start 1.48 0.73) (end -1.48 0.73) (layer F.CrtYd) (width 0.05))
    (fp_line (start 1.48 -0.73) (end 1.48 0.73) (layer F.CrtYd) (width 0.05))
    (fp_line (start -1.48 -0.73) (end 1.48 -0.73) (layer F.CrtYd) (width 0.05))
    (fp_line (start -1.48 0.73) (end -1.48 -0.73) (layer F.CrtYd) (width 0.05))
    (fp_line (start -0.14058 0.51) (end 0.14058 0.51) (layer F.SilkS) (width 0.12))
    (fp_line (start -0.14058 -0.51) (end 0.14058 -0.51) (layer F.SilkS) (width 0.12))
    (fp_line (start 0.8 0.4) (end -0.8 0.4) (layer F.Fab) (width 0.1))
    (fp_line (start 0.8 -0.4) (end 0.8 0.4) (layer F.Fab) (width 0.1))
    (fp_line (start -0.8 -0.4) (end 0.8 -0.4) (layer F.Fab) (width 0.1))
    (fp_line (start -0.8 0.4) (end -0.8 -0.4) (layer F.Fab) (width 0.1))
    (fp_text user %R (at 0 0 90) (layer F.Fab)
      (effects (font (size 0.4 0.4) (thickness 0.06)))
    )
    (pad 2 smd roundrect (at 0.775 0 270) (size 0.9 0.95) (layers F.Cu F.Paste F.Mask) (roundrect_rratio 0.25)
      (net 2 GND))
    (pad 1 smd roundrect (at -0.775 0 270) (size 0.9 0.95) (layers F.Cu F.Paste F.Mask) (roundrect_rratio 0.25)
      (net 3 +3V3))
    (model ${KISYS3DMOD}/Capacitor_SMD.3dshapes/C_0603_1608Metric.wrl
      (at (xyz 0 0 0))
      (scale (xyz 1 1 1))
      (rotate (xyz 0 0 0))
    )
  )

  (module Capacitor_SMD:C_0603_1608Metric (layer F.Cu) (tedit 5F68FEEE) (tstamp 61A8483E)
    (at 131.25 131.475)
    (descr "Capacitor SMD 0603 (1608 Metric), square (rectangular) end terminal, IPC_7351 nominal, (Body size source: IPC-SM-782 page 76, https://www.pcb-3d.com/wordpress/wp-content/uploads/ipc-sm-782a_amendment_1_and_2.pdf), generated with kicad-footprint-generator")
    (tags capacitor)
    (path /615A5F2C/6161C9AC)
    (attr smd)
    (fp_text reference C5 (at -2.75 0) (layer F.SilkS)
      (effects (font (size 1 1) (thickness 0.15)))
    )
    (fp_text value 100nF (at 0 1.43) (layer F.Fab)
      (effects (font (size 1 1) (thickness 0.15)))
    )
    (fp_line (start -0.8 0.4) (end -0.8 -0.4) (layer F.Fab) (width 0.1))
    (fp_line (start -0.8 -0.4) (end 0.8 -0.4) (layer F.Fab) (width 0.1))
    (fp_line (start 0.8 -0.4) (end 0.8 0.4) (layer F.Fab) (width 0.1))
    (fp_line (start 0.8 0.4) (end -0.8 0.4) (layer F.Fab) (width 0.1))
    (fp_line (start -0.14058 -0.51) (end 0.14058 -0.51) (layer F.SilkS) (width 0.12))
    (fp_line (start -0.14058 0.51) (end 0.14058 0.51) (layer F.SilkS) (width 0.12))
    (fp_line (start -1.48 0.73) (end -1.48 -0.73) (layer F.CrtYd) (width 0.05))
    (fp_line (start -1.48 -0.73) (end 1.48 -0.73) (layer F.CrtYd) (width 0.05))
    (fp_line (start 1.48 -0.73) (end 1.48 0.73) (layer F.CrtYd) (width 0.05))
    (fp_line (start 1.48 0.73) (end -1.48 0.73) (layer F.CrtYd) (width 0.05))
    (fp_text user %R (at 0 0) (layer F.Fab)
      (effects (font (size 0.4 0.4) (thickness 0.06)))
    )
    (pad 1 smd roundrect (at -0.775 0) (size 0.9 0.95) (layers F.Cu F.Paste F.Mask) (roundrect_rratio 0.25)
      (net 3 +3V3))
    (pad 2 smd roundrect (at 0.775 0) (size 0.9 0.95) (layers F.Cu F.Paste F.Mask) (roundrect_rratio 0.25)
      (net 2 GND))
    (model ${KISYS3DMOD}/Capacitor_SMD.3dshapes/C_0603_1608Metric.wrl
      (at (xyz 0 0 0))
      (scale (xyz 1 1 1))
      (rotate (xyz 0 0 0))
    )
  )

  (module Capacitor_SMD:C_0603_1608Metric (layer F.Cu) (tedit 5F68FEEE) (tstamp 61A8484F)
    (at 150.75 102.475)
    (descr "Capacitor SMD 0603 (1608 Metric), square (rectangular) end terminal, IPC_7351 nominal, (Body size source: IPC-SM-782 page 76, https://www.pcb-3d.com/wordpress/wp-content/uploads/ipc-sm-782a_amendment_1_and_2.pdf), generated with kicad-footprint-generator")
    (tags capacitor)
    (path /615A5F2C/6161C9B2)
    (attr smd)
    (fp_text reference C6 (at -2.5 0) (layer F.SilkS)
      (effects (font (size 1 1) (thickness 0.15)))
    )
    (fp_text value 100nF (at 0 1.43) (layer F.Fab)
      (effects (font (size 1 1) (thickness 0.15)))
    )
    (fp_line (start 1.48 0.73) (end -1.48 0.73) (layer F.CrtYd) (width 0.05))
    (fp_line (start 1.48 -0.73) (end 1.48 0.73) (layer F.CrtYd) (width 0.05))
    (fp_line (start -1.48 -0.73) (end 1.48 -0.73) (layer F.CrtYd) (width 0.05))
    (fp_line (start -1.48 0.73) (end -1.48 -0.73) (layer F.CrtYd) (width 0.05))
    (fp_line (start -0.14058 0.51) (end 0.14058 0.51) (layer F.SilkS) (width 0.12))
    (fp_line (start -0.14058 -0.51) (end 0.14058 -0.51) (layer F.SilkS) (width 0.12))
    (fp_line (start 0.8 0.4) (end -0.8 0.4) (layer F.Fab) (width 0.1))
    (fp_line (start 0.8 -0.4) (end 0.8 0.4) (layer F.Fab) (width 0.1))
    (fp_line (start -0.8 -0.4) (end 0.8 -0.4) (layer F.Fab) (width 0.1))
    (fp_line (start -0.8 0.4) (end -0.8 -0.4) (layer F.Fab) (width 0.1))
    (fp_text user %R (at 0 0) (layer F.Fab)
      (effects (font (size 0.4 0.4) (thickness 0.06)))
    )
    (pad 2 smd roundrect (at 0.775 0) (size 0.9 0.95) (layers F.Cu F.Paste F.Mask) (roundrect_rratio 0.25)
      (net 2 GND))
    (pad 1 smd roundrect (at -0.775 0) (size 0.9 0.95) (layers F.Cu F.Paste F.Mask) (roundrect_rratio 0.25)
      (net 3 +3V3))
    (model ${KISYS3DMOD}/Capacitor_SMD.3dshapes/C_0603_1608Metric.wrl
      (at (xyz 0 0 0))
      (scale (xyz 1 1 1))
      (rotate (xyz 0 0 0))
    )
  )

  (module Capacitor_SMD:C_0603_1608Metric (layer F.Cu) (tedit 5F68FEEE) (tstamp 61A84860)
    (at 142 98.475 180)
    (descr "Capacitor SMD 0603 (1608 Metric), square (rectangular) end terminal, IPC_7351 nominal, (Body size source: IPC-SM-782 page 76, https://www.pcb-3d.com/wordpress/wp-content/uploads/ipc-sm-782a_amendment_1_and_2.pdf), generated with kicad-footprint-generator")
    (tags capacitor)
    (path /615A5F2C/6161C9B8)
    (attr smd)
    (fp_text reference C7 (at -2.5 0) (layer F.SilkS)
      (effects (font (size 1 1) (thickness 0.15)))
    )
    (fp_text value 100nF (at 0 1.43) (layer F.Fab)
      (effects (font (size 1 1) (thickness 0.15)))
    )
    (fp_line (start -0.8 0.4) (end -0.8 -0.4) (layer F.Fab) (width 0.1))
    (fp_line (start -0.8 -0.4) (end 0.8 -0.4) (layer F.Fab) (width 0.1))
    (fp_line (start 0.8 -0.4) (end 0.8 0.4) (layer F.Fab) (width 0.1))
    (fp_line (start 0.8 0.4) (end -0.8 0.4) (layer F.Fab) (width 0.1))
    (fp_line (start -0.14058 -0.51) (end 0.14058 -0.51) (layer F.SilkS) (width 0.12))
    (fp_line (start -0.14058 0.51) (end 0.14058 0.51) (layer F.SilkS) (width 0.12))
    (fp_line (start -1.48 0.73) (end -1.48 -0.73) (layer F.CrtYd) (width 0.05))
    (fp_line (start -1.48 -0.73) (end 1.48 -0.73) (layer F.CrtYd) (width 0.05))
    (fp_line (start 1.48 -0.73) (end 1.48 0.73) (layer F.CrtYd) (width 0.05))
    (fp_line (start 1.48 0.73) (end -1.48 0.73) (layer F.CrtYd) (width 0.05))
    (fp_text user %R (at 0 0) (layer F.Fab)
      (effects (font (size 0.4 0.4) (thickness 0.06)))
    )
    (pad 1 smd roundrect (at -0.775 0 180) (size 0.9 0.95) (layers F.Cu F.Paste F.Mask) (roundrect_rratio 0.25)
      (net 3 +3V3))
    (pad 2 smd roundrect (at 0.775 0 180) (size 0.9 0.95) (layers F.Cu F.Paste F.Mask) (roundrect_rratio 0.25)
      (net 2 GND))
    (model ${KISYS3DMOD}/Capacitor_SMD.3dshapes/C_0603_1608Metric.wrl
      (at (xyz 0 0 0))
      (scale (xyz 1 1 1))
      (rotate (xyz 0 0 0))
    )
  )

  (module Capacitor_SMD:C_0603_1608Metric (layer F.Cu) (tedit 5F68FEEE) (tstamp 61A84871)
    (at 150.75 125.225 270)
    (descr "Capacitor SMD 0603 (1608 Metric), square (rectangular) end terminal, IPC_7351 nominal, (Body size source: IPC-SM-782 page 76, https://www.pcb-3d.com/wordpress/wp-content/uploads/ipc-sm-782a_amendment_1_and_2.pdf), generated with kicad-footprint-generator")
    (tags capacitor)
    (path /615A5F2C/6161C9D2)
    (attr smd)
    (fp_text reference C8 (at -2.5 0 90) (layer F.SilkS)
      (effects (font (size 1 1) (thickness 0.15)))
    )
    (fp_text value 100nF (at 0 1.43 90) (layer F.Fab)
      (effects (font (size 1 1) (thickness 0.15)))
    )
    (fp_line (start 1.48 0.73) (end -1.48 0.73) (layer F.CrtYd) (width 0.05))
    (fp_line (start 1.48 -0.73) (end 1.48 0.73) (layer F.CrtYd) (width 0.05))
    (fp_line (start -1.48 -0.73) (end 1.48 -0.73) (layer F.CrtYd) (width 0.05))
    (fp_line (start -1.48 0.73) (end -1.48 -0.73) (layer F.CrtYd) (width 0.05))
    (fp_line (start -0.14058 0.51) (end 0.14058 0.51) (layer F.SilkS) (width 0.12))
